HMMER3/f [3.1b2 | February 2015]
NAME  PTHR22778.SF16.pir
LENG  193
ALPH  amino
RF    no
MM    yes
CONS  yes
CS    no
MAP   yes
DATE  Thu Oct 11 11:32:03 2018
NSEQ  85
EFFN  3.110199
CKSUM 2110926162
STATS LOCAL MSV      -10.6067  0.70579
STATS LOCAL VITERBI  -11.7430  0.70579
STATS LOCAL FORWARD   -5.0945  0.70579
HMM          A        C        D        E        F        G        H        I        K        L        M        N        P        Q        R        S        T        V        W        Y   
            m->m     m->i     m->d     i->m     i->i     d->m     d->d
  COMPO   2.65223  4.31689  2.90764  2.70027  3.33299  2.67360  3.74471  2.94782  2.65550  2.60434  3.74883  2.96240  3.01372  3.12896  2.91474  2.51088  2.76172  2.77786  4.39220  3.57136
          2.68664  4.41681  2.77553  2.73163  3.46251  2.40589  3.72310  3.29294  2.67788  2.69400  4.24261  2.90362  2.73779  3.18111  2.89817  2.37966  2.77553  2.98520  4.57807  3.61355
          0.11633  2.27919  4.89898  3.62649  0.02697  0.00000        *
      1   2.65051  4.28544  3.92816  3.38009  3.45666  3.79669  4.06439  2.82602  3.28180  2.56581  1.16292  3.67511  4.14992  3.54960  3.53518  2.96201  3.01562  2.62423  4.81791  3.72178    793 m - - -
          2.68619  4.42208  2.77520  2.73124  3.46350  2.40515  3.72488  3.29352  2.67742  2.69356  4.24676  2.90347  2.73741  3.18145  2.89801  2.37889  2.77520  2.98518  4.58455  3.61498
          0.67077  1.75005  1.15543  0.17350  1.83709  0.49339  0.94303
      2   2.54091  4.18910  2.92766  2.70561  3.22625  2.66633  3.77575  2.83006  2.82275  2.33953  3.73926  3.18354  3.03052  3.22984  2.91696  2.68331  2.91750  2.69798  4.47296  3.49288    795 x - m -
          2.68618  4.42225  2.77519  2.73123  3.46354  2.40513  3.72494  3.29354  2.67741  2.69355  4.24690  2.90347  2.73739  3.18146  2.89801  2.37887  2.77519  2.98518  4.58477  3.61503
          0.08306  4.40750  2.69534  0.61958  0.77255  1.00786  0.45413
      3   2.54091  4.18910  2.92766  2.70561  3.22625  2.66633  3.77575  2.83006  2.82275  2.33953  3.73926  3.18354  3.03052  3.22984  2.91696  2.68331  2.91750  2.69798  4.47296  3.49288    796 x - m -
          2.68648  4.41861  2.77542  2.73150  3.46285  2.40564  3.72371  3.29314  2.67772  2.69385  4.24403  2.90357  2.73766  3.18123  2.89811  2.37940  2.77542  2.98519  4.58029  3.61404
          0.98087  0.55196  3.01192  2.15582  0.12308  0.48452  0.95709
      4   2.68507  4.83627  2.25875  2.40519  4.28931  3.42289  3.62650  3.68997  2.42030  3.22775  4.01090  2.95988  3.56620  2.25106  2.63132  2.27028  2.77328  3.25063  5.14710  4.08161    809 q - - -
          2.68618  4.42225  2.77519  2.73123  3.46354  2.40513  3.72494  3.29354  2.67741  2.69355  4.24690  2.90347  2.73739  3.18146  2.89801  2.37887  2.77519  2.98518  4.58477  3.61503
          0.18508  4.60589  1.83905  0.61958  0.77255  0.57624  0.82556
      5   2.69583  2.70809  3.18609  2.62589  4.02914  2.73026  3.77770  3.36293  2.49716  3.02885  3.78023  3.10805  2.70167  2.86167  2.34102  2.69864  2.83984  3.11122  5.33540  4.02560    810 r - - -
          2.68618  4.42225  2.77519  2.73123  3.46354  2.40513  3.72494  3.29354  2.67741  2.69355  4.24690  2.90347  2.73739  3.18146  2.89801  2.37887  2.77519  2.98518  4.58477  3.61503
          0.05254  4.52998  3.20888  0.61958  0.77255  0.80187  0.59509
      6   2.71038  4.88041  3.10359  2.54777  4.14739  3.53063  3.72789  3.57370  2.07416  2.31193  3.97769  2.92084  2.59386  2.87299  2.84960  2.35958  2.74796  3.25104  5.35225  4.06883    811 k - - -
          2.68900  4.39458  2.77699  2.73271  3.45912  2.40945  3.71550  3.29127  2.68022  2.69572  4.22641  2.90402  2.73942  3.17939  2.89758  2.38287  2.77614  2.98465  4.55347  3.60853
          0.43028  1.06585  5.25176  4.09056  0.01687  0.30479  1.33667
      7   2.70361  4.29767  4.83906  4.22747  2.87594  4.08921  4.41932  1.82109  4.02381  1.50384  2.31954  4.23680  4.44593  3.79773  4.04616  3.39992  3.11017  2.33857  4.91380  2.75552   1027 l - - -
          2.68618  4.42225  2.77519  2.73123  3.46354  2.40513  3.72494  3.29354  2.67741  2.69355  4.24690  2.90347  2.73739  3.18146  2.89801  2.37887  2.77519  2.98518  4.58477  3.61503
          0.01093  4.91757  5.63992  0.61958  0.77255  0.48753  0.95228
      8   2.74935  5.34788  2.36706  2.48399  4.69028  3.38146  3.63019  4.03518  2.40933  3.65199  4.38927  2.70971  3.74998  2.13680  2.33406  2.49417  2.30363  3.34273  5.78211  4.37279   1028 q - - -
          2.68618  4.42225  2.77519  2.73123  3.46354  2.40513  3.72494  3.29354  2.67741  2.69355  4.24690  2.90347  2.73739  3.18146  2.89801  2.37887  2.77519  2.98518  4.58477  3.61503
          0.01090  4.91990  5.64224  0.61958  0.77255  0.49131  0.94629
      9   2.55766  3.65968  4.80005  4.19019  3.26804  3.93641  4.39180  2.00773  3.98877  1.58045  2.50116  4.20213  4.42044  4.13125  4.01763  3.27719  2.32091  2.00866  4.90065  3.72320   1029 l - - -
          2.68618  4.42225  2.77519  2.73123  3.46354  2.40513  3.72494  3.29354  2.67741  2.69355  4.24690  2.90347  2.73739  3.18146  2.89801  2.37887  2.77519  2.98518  4.58477  3.61503
          0.01090  4.91990  5.64224  0.61958  0.77255  0.49131  0.94629
     10   2.30692  4.71009  5.38509  4.84717  4.00532  4.82160  5.32080  0.92377  4.72511  2.58933  3.40442  4.95125  5.12292  4.93049  4.83626  4.18149  3.38834  1.41370  5.79291  4.59293   1030 i - - -
          2.68618  4.42225  2.77519  2.73123  3.46354  2.40513  3.72494  3.29354  2.67741  2.69355  4.24690  2.90347  2.73739  3.18146  2.89801  2.37887  2.77519  2.98518  4.58477  3.61503
          0.01090  4.91990  5.64224  0.61958  0.77255  0.49131  0.94629
     11   2.37631  4.32093  4.50466  3.91270  3.11886  4.00762  4.33065  2.73133  3.76638  2.34804  3.43961  4.05433  4.37860  3.96178  3.89567  2.40481  3.05084  1.11544  4.39686  3.71345   1031 v - - -
          2.68618  4.42225  2.77519  2.73123  3.46354  2.40513  3.72494  3.29354  2.67741  2.69355  4.24690  2.90347  2.73739  3.18146  2.89801  2.37887  2.77519  2.98518  4.58477  3.61503
          0.01090  4.91990  5.64224  0.61958  0.77255  0.49131  0.94629
     12   1.05304  3.98417  3.65690  3.10210  3.92843  3.77529  3.85604  3.12594  3.04364  2.99015  3.87059  3.52415  4.20222  2.45278  3.42063  3.03733  3.12427  2.83772  5.33739  4.08484   1032 a - - -
          2.68618  4.42225  2.77519  2.73123  3.46354  2.40513  3.72494  3.29354  2.67741  2.69355  4.24690  2.90347  2.73739  3.18146  2.89801  2.37887  2.77519  2.98518  4.58477  3.61503
          0.01090  4.91990  5.64224  0.61958  0.77255  0.49131  0.94629
     13   1.96508  3.86513  4.63028  4.02841  3.33395  4.01739  4.22498  2.63343  3.85628  1.62041  2.92807  4.10989  4.38313  3.66357  3.88804  3.19864  3.02765  1.59549  4.90059  3.71943   1033 v - - -
          2.68618  4.42225  2.77519  2.73123  3.46354  2.40513  3.72494  3.29354  2.67741  2.69355  4.24690  2.90347  2.73739  3.18146  2.89801  2.37887  2.77519  2.98518  4.58477  3.61503
          0.01090  4.91990  5.64224  0.61958  0.77255  0.49131  0.94629
     14   2.49953  2.98811  2.16106  2.63868  4.42388  3.62485  2.72745  3.85915  2.58373  3.29638  4.21815  3.16839  4.05117  2.99194  3.11312  2.23783  2.11907  3.50282  5.63774  4.27901   1034 t - - -
          2.68618  4.42225  2.77519  2.73123  3.46354  2.40513  3.72494  3.29354  2.67741  2.69355  4.24690  2.90347  2.73739  3.18146  2.89801  2.37887  2.77519  2.98518  4.58477  3.61503
          0.16687  4.91990  1.92148  0.61958  0.77255  0.49131  0.94629
     15   2.54091  4.18910  2.92766  2.70561  3.22625  2.66633  3.77575  2.83006  2.82275  2.33953  3.73926  3.18354  3.03052  3.22984  2.91696  2.68331  2.91750  2.69798  4.47296  3.49288   1035 x - m -
          2.68618  4.42225  2.77519  2.73123  3.46354  2.40513  3.72494  3.29354  2.67741  2.69355  4.24690  2.90347  2.73739  3.18146  2.89801  2.37887  2.77519  2.98518  4.58477  3.61503
          0.01273  4.76576  5.48811  0.61958  0.77255  0.66909  0.71780
     16   2.54091  4.18910  2.92766  2.70561  3.22625  2.66633  3.77575  2.83006  2.82275  2.33953  3.73926  3.18354  3.03052  3.22984  2.91696  2.68331  2.91750  2.69798  4.47296  3.49288   1036 x - m -
          2.68618  4.42219  2.77520  2.73124  3.46353  2.40513  3.72492  3.29353  2.67741  2.69355  4.24685  2.90347  2.73740  3.18146  2.89801  2.37887  2.77520  2.98518  4.58469  3.61501
          0.04089  3.32184  5.52775  0.64812  0.74029  0.35516  1.20752
     17   2.82393  4.94829  3.29831  2.76457  3.69973  1.81958  3.85655  3.56022  2.71792  3.02968  2.82658  1.98718  3.80193  3.09595  2.86869  2.91875  3.08434  3.26494  5.47058  3.90980   1039 g - - -
          2.68618  4.42225  2.77519  2.73123  3.46354  2.40513  3.72494  3.29354  2.67741  2.69355  4.24690  2.90347  2.73739  3.18146  2.89801  2.37887  2.77519  2.98518  4.58477  3.61503
          0.01088  4.92203  5.64438  0.61958  0.77255  0.48576  0.95510
     18   2.79849  4.51553  3.68743  3.12020  3.72050  1.80196  4.07309  2.97302  2.88326  2.28649  3.39725  3.53989  4.20644  3.36076  2.12128  3.06702  3.00203  2.41411  5.19317  3.87199   1040 g - - -
          2.68622  4.42170  2.77523  2.73127  3.46343  2.40520  3.72476  3.29348  2.67745  2.69359  4.24646  2.90348  2.73743  3.18143  2.89802  2.37895  2.77523  2.98518  4.58409  3.61488
          0.26507  1.47268  5.64438  0.70485  0.68158  0.48576  0.95510
     19   3.80323  4.98571  5.91753  5.47252  4.31481  5.46491  6.28618  0.55766  5.42432  2.67977  3.86454  5.64223  5.66172  5.67609  5.59463  4.92458  4.06694  1.45652  6.52272  5.31288   1052 I - - -
          2.68618  4.42225  2.77519  2.73123  3.46354  2.40513  3.72494  3.29354  2.67741  2.69355  4.24690  2.90347  2.73739  3.18146  2.89801  2.37887  2.77519  2.98518  4.58477  3.61503
          0.01088  4.92203  5.64438  0.61958  0.77255  0.48576  0.95510
     20   2.49438  4.72305  4.51374  4.38075  5.35276  0.53920  5.31907  4.80721  4.48227  4.50537  5.27944  4.18645  4.34443  4.66421  4.66178  2.84171  2.05364  4.01938  6.68947  5.58280   1053 G - - -
          2.68618  4.42221  2.77520  2.73123  3.46353  2.40513  3.72493  3.29353  2.67741  2.69355  4.24687  2.90347  2.73740  3.18146  2.89801  2.37887  2.77520  2.98518  4.58472  3.61502
          0.17477  3.60612  2.01593  0.57387  0.82861  0.48576  0.95510
     21   2.54091  4.18910  2.92766  2.70561  3.22625  2.66633  3.77575  2.83006  2.82275  2.33953  3.73926  3.18354  3.03052  3.22984  2.91696  2.68331  2.91750  2.69798  4.47296  3.49288   1056 x - m -
          2.68618  4.42218  2.77520  2.73124  3.46352  2.40514  3.72492  3.29353  2.67741  2.69355  4.24684  2.90347  2.73740  3.18146  2.89801  2.37888  2.77520  2.98518  4.58468  3.61501
          0.04599  3.39105  4.48541  0.75727  0.63289  0.33902  1.24642
     22   2.73450  5.38414  2.30856  2.46436  4.72361  3.21185  3.45883  4.20857  2.18184  3.44145  4.42806  1.52642  4.03280  2.81017  3.03560  2.69306  3.11022  3.77212  5.81816  4.40557   1061 n - - -
          2.68618  4.42225  2.77519  2.73123  3.46354  2.40513  3.72494  3.29354  2.67741  2.69355  4.24690  2.90347  2.73739  3.18146  2.89801  2.37887  2.77519  2.98518  4.58477  3.61503
          0.01095  4.91574  5.63808  0.61958  0.77255  0.50199  0.92969
     23   3.31337  5.87893  2.68288  1.94618  5.20736  1.24645  4.18138  4.72118  3.11269  4.19874  5.00400  1.72588  4.29173  3.15855  3.67720  2.88762  3.58635  4.27692  6.34794  4.86483   1062 g - - -
          2.68731  4.41462  2.77601  2.73221  3.46205  2.40708  3.72338  3.29188  2.67857  2.69344  4.23836  2.90229  2.73772  3.18045  2.89909  2.38133  2.77535  2.98352  4.57501  3.61105
          0.12729  2.15448  5.63808  4.37823  0.01263  0.50199  0.92969
     24   2.75133  5.32647  2.65164  2.06231  4.66046  2.97514  3.80838  2.75841  2.17433  3.62701  4.37011  2.91832  4.01329  2.76010  2.85801  2.01291  2.86925  3.33561  5.76582  4.36160   1260 s - - -
          2.68618  4.42225  2.77519  2.73123  3.46354  2.40513  3.72494  3.29354  2.67741  2.69355  4.24690  2.90347  2.73739  3.18146  2.89801  2.37887  2.77519  2.98518  4.58477  3.61503
          0.01095  4.91574  5.63808  0.61958  0.77255  0.50199  0.92969
     25   3.22255  4.13738  5.09595  3.74518  3.51098  4.44076  4.78464  1.30882  4.32144  1.31644  2.22579  4.56749  4.75395  4.44650  4.36615  3.76275  3.45326  2.47047  5.23219  4.08892   1261 i - - -
          2.68618  4.42225  2.77519  2.73123  3.46354  2.40513  3.72494  3.29354  2.67741  2.69355  4.24690  2.90347  2.73739  3.18146  2.89801  2.37887  2.77519  2.98518  4.58477  3.61503
          0.01095  4.91574  5.63808  0.61958  0.77255  0.50199  0.92969
     26   2.78393  4.78186  4.28352  4.12790  5.07894  3.56274  5.11942  4.48215  4.13821  4.04807  5.08901  4.10495  0.45709  4.45055  4.35063  2.72988  3.39812  3.54514  6.46183  5.26021   1262 P - - -
          2.68618  4.42225  2.77519  2.73123  3.46354  2.40513  3.72494  3.29354  2.67741  2.69355  4.24690  2.90347  2.73739  3.18146  2.89801  2.37887  2.77519  2.98518  4.58477  3.61503
          0.01095  4.91574  5.63808  0.61958  0.77255  0.50199  0.92969
     27   3.40492  4.88275  4.92728  4.47366  3.07253  4.35684  4.43498  3.19723  4.21830  2.89297  4.01728  4.45483  4.82215  4.44723  4.32583  3.48555  3.70595  2.09385  0.74115  3.19475   1263 w - - -
          2.68697  4.41823  2.77589  2.73191  3.46312  2.40617  3.72385  3.29236  2.67761  2.69372  4.24382  2.90401  2.73793  3.18159  2.89781  2.37971  2.77513  2.98554  4.57973  3.60815
          0.23240  1.59033  5.65120  3.01164  0.05046  0.50199  0.92969
     28   2.84416  5.32725  3.13400  2.53388  4.00274  3.43056  2.55330  4.12916  1.54535  3.43537  4.37290  2.94060  3.79765  2.80513  2.12318  2.68244  3.07764  3.71077  5.40894  4.37090   1333 k - - -
          2.68618  4.42225  2.77519  2.73123  3.46354  2.40513  3.72494  3.29354  2.67741  2.69355  4.24690  2.90347  2.73739  3.18146  2.89801  2.37887  2.77519  2.98518  4.58477  3.61503
          0.01081  4.92885  5.65120  0.61958  0.77255  0.50199  0.92969
     29   3.22356  4.32342  4.91592  3.66578  3.49566  4.39658  4.71343  2.02073  4.14230  0.74208  3.41284  4.46338  4.71556  4.19997  4.23835  3.71173  3.45317  2.60782  5.21631  3.92344   1334 l - - -
          2.68618  4.42225  2.77519  2.73123  3.46354  2.40513  3.72494  3.29354  2.67741  2.69355  4.24690  2.90347  2.73739  3.18146  2.89801  2.37887  2.77519  2.98518  4.58477  3.61503
          0.01081  4.92885  5.65120  0.61958  0.77255  0.50199  0.92969
     30   2.83363  5.39488  2.29673  2.59208  4.74190  3.66290  3.85557  4.21616  1.95456  3.69611  4.44601  3.13558  1.93067  2.95852  2.06460  2.80361  3.04974  3.78891  5.82560  4.42983   1335 p - - -
          2.68618  4.42225  2.77519  2.73123  3.46354  2.40513  3.72494  3.29354  2.67741  2.69355  4.24690  2.90347  2.73739  3.18146  2.89801  2.37887  2.77519  2.98518  4.58477  3.61503
          0.01081  4.92885  5.65120  0.61958  0.77255  0.50199  0.92969
     31   2.58432  4.79033  3.06344  2.38901  4.65936  2.61025  3.81436  4.13625  1.90696  3.62677  2.89269  2.73736  4.01926  2.40671  2.82935  2.25900  3.00413  3.71083  5.76735  4.36448   1336 k - - -
          2.68618  4.42222  2.77520  2.73123  3.46353  2.40513  3.72493  3.29354  2.67741  2.69355  4.24687  2.90347  2.73740  3.18146  2.89801  2.37887  2.77520  2.98518  4.58473  3.61502
          0.03284  3.54756  5.65120  0.44428  1.02522  0.47575  0.97133
     32   2.26154  6.11061  1.00340  1.51648  5.41158  3.75179  4.27588  4.95270  3.28423  4.40986  5.23554  2.89368  4.36378  3.42986  3.89783  3.22083  3.74245  4.49069  6.55429  5.02215   1338 d - - -
          2.68618  4.42225  2.77519  2.73123  3.46354  2.40513  3.72494  3.29354  2.67741  2.69355  4.24690  2.90347  2.73739  3.18146  2.89801  2.37887  2.77519  2.98518  4.58477  3.61503
          0.01074  4.93506  5.65741  0.61958  0.77255  0.48576  0.95510
     33   3.36618  4.72019  5.17649  4.57591  2.50438  4.55435  4.82978  2.73660  4.39346  1.18066  1.30283  4.66201  4.83495  4.24421  4.01852  3.87426  3.58849  2.81398  5.21284  3.87009   1339 l - - -
          2.68618  4.42225  2.77519  2.73123  3.46354  2.40513  3.72494  3.29354  2.67741  2.69355  4.24690  2.90347  2.73739  3.18146  2.89801  2.37887  2.77519  2.98518  4.58477  3.61503
          0.01074  4.93506  5.65741  0.61958  0.77255  0.48576  0.95510
     34   2.13184  5.35941  1.91767  2.55475  4.69855  3.57289  3.82508  4.17956  1.87369  3.66185  4.40365  2.99354  4.02978  2.77142  2.74258  2.73695  2.43533  3.74729  5.79573  4.38897   1340 k - - -
          2.68618  4.42225  2.77519  2.73123  3.46354  2.40513  3.72494  3.29354  2.67741  2.69355  4.24690  2.90347  2.73739  3.18146  2.89801  2.37887  2.77519  2.98518  4.58477  3.61503
          0.01074  4.93506  5.65741  0.61958  0.77255  0.48576  0.95510
     35   2.88865  4.40126  4.29434  3.71700  1.98773  3.85883  2.24824  2.89762  3.27163  2.07813  3.55504  3.94680  4.38532  3.83574  3.37337  3.29873  3.17247  2.70141  4.44093  1.97871   1345 y - - -
          2.68618  4.42225  2.77519  2.73123  3.46354  2.40513  3.72494  3.29354  2.67741  2.69355  4.24690  2.90347  2.73739  3.18146  2.89801  2.37887  2.77519  2.98518  4.58477  3.61503
          0.01074  4.93506  5.65741  0.61958  0.77255  0.48576  0.95510
     36   3.78503  5.09665  5.27426  4.37499  0.54903  4.84062  4.47932  2.81453  4.61818  2.40192  3.81214  4.75567  5.12901  4.68200  4.66303  4.18608  4.01175  3.01982  4.68818  3.00136   1346 F - - -
          2.68618  4.42225  2.77519  2.73123  3.46354  2.40513  3.72494  3.29354  2.67741  2.69355  4.24690  2.90347  2.73739  3.18146  2.89801  2.37887  2.77519  2.98518  4.58477  3.61503
          0.01074  4.93506  5.65741  0.61958  0.77255  0.48576  0.95510
     37   2.18472  5.21966  3.16492  2.55789  4.50999  3.65122  3.84399  3.76607  1.94176  3.27703  3.92046  2.44874  4.04297  2.78277  2.28278  2.78402  2.89651  2.56307  5.68612  4.22791   1347 k - - -
          2.68618  4.42225  2.77519  2.73123  3.46354  2.40513  3.72494  3.29354  2.67741  2.69355  4.24690  2.90347  2.73739  3.18146  2.89801  2.37887  2.77519  2.98518  4.58477  3.61503
          0.01074  4.93506  5.65741  0.61958  0.77255  0.48576  0.95510
     38   2.65753  5.37210  2.85374  2.16469  4.71809  3.63082  3.77673  4.20290  1.52071  3.67622  4.41343  2.46252  4.02637  2.64348  2.40672  2.70812  2.91826  3.76343  5.80247  4.39336   1348 k - - -
          2.68618  4.42225  2.77519  2.73123  3.46354  2.40513  3.72494  3.29354  2.67741  2.69355  4.24690  2.90347  2.73739  3.18146  2.89801  2.37887  2.77519  2.98518  4.58477  3.61503
          0.01074  4.93506  5.65741  0.61958  0.77255  0.48576  0.95510
     39   2.64824  4.37986  3.98887  3.15318  3.58139  3.90584  4.18145  2.53276  2.39191  1.89029  3.05673  3.62905  4.28069  3.61320  3.62866  2.36725  2.69441  1.97079  5.06103  3.80038   1349 l - - -
          2.68618  4.42225  2.77519  2.73123  3.46354  2.40513  3.72494  3.29354  2.67741  2.69355  4.24690  2.90347  2.73739  3.18146  2.89801  2.37887  2.77519  2.98518  4.58477  3.61503
          0.01074  4.93506  5.65741  0.61958  0.77255  0.48576  0.95510
     40   2.97962  4.85647  3.83457  3.28204  4.23103  3.81824  4.24046  2.96579  2.98741  3.25773  4.14652  3.65858  4.30534  3.48299  2.31286  2.98701  0.91459  3.26181  5.58392  4.34611   1350 t - - -
          2.68647  4.42042  2.77544  2.73087  3.46329  2.40552  3.72440  3.29345  2.67770  2.69383  4.24548  2.90364  2.73702  3.18146  2.89819  2.37883  2.77544  2.98531  4.58248  3.61462
          0.15648  2.17380  3.47022  2.60898  0.07646  0.48576  0.95510
     41   2.25969  4.78436  3.45384  2.89216  3.95969  3.74856  3.59974  3.30596  2.64591  2.67194  3.13719  3.36742  4.13360  3.12203  3.13262  1.67878  2.24458  2.90503  4.91835  4.05749   1382 s - - -
          2.68618  4.42225  2.77519  2.73123  3.46354  2.40513  3.72494  3.29354  2.67741  2.69355  4.24690  2.90347  2.73739  3.18146  2.89801  2.37887  2.77519  2.98518  4.58477  3.61503
          0.01105  4.90705  5.62940  0.61958  0.77255  0.55621  0.85186
     42   2.62783  4.92826  3.11312  2.18963  4.60917  2.11174  3.57557  4.07758  2.50032  3.41382  4.33668  2.90144  4.01677  2.89712  2.68049  1.87794  2.68786  3.63875  5.73698  4.34209   1383 s - - -
          2.68648  4.41870  2.77542  2.73149  3.46287  2.40563  3.72374  3.29315  2.67771  2.69384  4.24410  2.90356  2.73765  3.18123  2.89811  2.37938  2.77542  2.98519  4.58040  3.61407
          0.27685  2.02520  2.20851  2.91732  0.05560  0.55621  0.85186
     43   2.57659  5.23014  2.33671  2.50617  4.54317  3.58430  3.58473  4.00681  1.98099  3.52192  4.28055  3.03407  3.49337  2.88600  3.01349  2.69205  1.82879  3.13592  5.68329  4.12899   1408 t - - -
          2.68618  4.42225  2.77519  2.73123  3.46354  2.40513  3.72494  3.29354  2.67741  2.69355  4.24690  2.90347  2.73739  3.18146  2.89801  2.37887  2.77519  2.98518  4.58477  3.61503
          0.01237  4.79470  5.51704  0.61958  0.77255  0.78294  0.61076
     44   2.69032  5.28380  3.05019  2.14576  4.35532  3.57487  3.49563  4.09569  2.48511  3.58430  4.32807  2.29426  3.08983  2.24416  2.99648  1.95255  2.76570  3.61587  5.72344  4.31914   1409 s - - -
          2.68618  4.42225  2.77519  2.73123  3.46354  2.40513  3.72494  3.29354  2.67741  2.69355  4.24690  2.90347  2.73739  3.18146  2.89801  2.37887  2.77519  2.98518  4.58477  3.61503
          0.06284  4.79470  2.94444  0.61958  0.77255  0.78294  0.61076
     45   2.54091  4.18910  2.92766  2.70561  3.22625  2.66633  3.77575  2.83006  2.82275  2.33953  3.73926  3.18354  3.03052  3.22984  2.91696  2.68331  2.91750  2.69798  4.47296  3.49288   1410 x - m -
          2.68618  4.42225  2.77519  2.73123  3.46354  2.40513  3.72494  3.29354  2.67741  2.69355  4.24690  2.90347  2.73739  3.18146  2.89801  2.37887  2.77519  2.98518  4.58477  3.61503
          0.01300  4.74486  5.46721  0.61958  0.77255  0.75036  0.63903
     46   2.54091  4.18910  2.92766  2.70561  3.22625  2.66633  3.77575  2.83006  2.82275  2.33953  3.73926  3.18354  3.03052  3.22984  2.91696  2.68331  2.91750  2.69798  4.47296  3.49288   1411 x - m -
          2.68625  4.42137  2.77525  2.73130  3.46337  2.40525  3.72464  3.29344  2.67748  2.69362  4.24620  2.90349  2.73746  3.18140  2.89803  2.37899  2.77525  2.98518  4.58368  3.61479
          0.61891  0.82679  3.72882  0.66933  0.71755  0.81118  0.58759
     47   2.54091  4.18910  2.92766  2.70561  3.22625  2.66633  3.77575  2.83006  2.82275  2.33953  3.73926  3.18354  3.03052  3.22984  2.91696  2.68331  2.91750  2.69798  4.47296  3.49288   1414 x - m -
          2.68618  4.42225  2.77519  2.73123  3.46354  2.40513  3.72494  3.29354  2.67741  2.69355  4.24690  2.90347  2.73739  3.18146  2.89801  2.37887  2.77519  2.98518  4.58477  3.61503
          0.01282  4.75926  5.48160  0.61958  0.77255  0.81354  0.58570
     48   2.54091  4.18910  2.92766  2.70561  3.22625  2.66633  3.77575  2.83006  2.82275  2.33953  3.73926  3.18354  3.03052  3.22984  2.91696  2.68331  2.91750  2.69798  4.47296  3.49288   1415 x - m -
          2.68628  4.42108  2.77527  2.73132  3.46332  2.40529  3.72455  3.29341  2.67751  2.69364  4.24597  2.90350  2.73748  3.18139  2.89804  2.37904  2.77527  2.98519  4.58332  3.61471
          0.39701  1.21885  3.43885  1.29385  0.32050  0.74519  0.64368
     49   2.67008  5.25656  3.08695  2.52816  4.58632  3.29076  3.76928  3.76498  1.48168  3.55074  4.30616  3.03022  2.64443  2.52167  2.67640  2.67930  2.86736  3.64001  5.69634  4.30960   1420 k - - -
          2.68618  4.42225  2.77519  2.73123  3.46354  2.40513  3.72494  3.29354  2.67741  2.69355  4.24690  2.90347  2.73739  3.18146  2.89801  2.37887  2.77519  2.98518  4.58477  3.61503
          0.33824  4.76400  1.27853  0.61958  0.77255  0.83577  0.56835
     50   2.54091  4.18910  2.92766  2.70561  3.22625  2.66633  3.77575  2.83006  2.82275  2.33953  3.73926  3.18354  3.03052  3.22984  2.91696  2.68331  2.91750  2.69798  4.47296  3.49288   1421 x - m -
          2.68618  4.42225  2.77519  2.73123  3.46354  2.40513  3.72494  3.29354  2.67741  2.69355  4.24690  2.90347  2.73739  3.18146  2.89801  2.37887  2.77519  2.98518  4.58477  3.61503
          0.01762  4.44337  5.16572  0.61958  0.77255  1.18141  0.36650
     51   2.54091  4.18910  2.92766  2.70561  3.22625  2.66633  3.77575  2.83006  2.82275  2.33953  3.73926  3.18354  3.03052  3.22984  2.91696  2.68331  2.91750  2.69798  4.47296  3.49288   1422 x - m -
          2.68618  4.42225  2.77519  2.73123  3.46354  2.40513  3.72494  3.29354  2.67741  2.69355  4.24690  2.90347  2.73739  3.18146  2.89801  2.37887  2.77519  2.98518  4.58477  3.61503
          0.01754  4.44810  5.17045  0.61958  0.77255  0.28166  1.40459
     52   2.88103  5.30987  3.08311  2.60032  3.96779  3.21141  3.44169  4.07387  2.56885  3.59931  4.37327  1.25410  4.07020  2.28733  3.10474  2.78872  3.14545  3.68325  5.76668  4.38177   1423 n - - -
          2.68618  4.42225  2.77519  2.73123  3.46354  2.40513  3.72494  3.29354  2.67741  2.69355  4.24690  2.90347  2.73739  3.18146  2.89801  2.37887  2.77519  2.98518  4.58477  3.61503
          0.01120  4.89332  5.61566  0.61958  0.77255  0.59160  0.80619
     53   1.39534  4.77360  3.40896  2.96249  4.02052  3.72500  4.04346  3.38342  2.94770  2.88737  3.93676  2.36032  3.50278  3.27526  3.36107  2.97689  2.91212  2.16439  5.39823  4.12576   1424 a - - -
          2.68618  4.42225  2.77519  2.73123  3.46354  2.40513  3.72494  3.29354  2.67741  2.69355  4.24690  2.90347  2.73739  3.18146  2.89801  2.37887  2.77519  2.98518  4.58477  3.61503
          0.01120  4.89332  5.61566  0.61958  0.77255  0.42485  1.06094
     54   2.95208  3.77271  4.79709  4.19753  3.45673  4.12854  4.47200  1.91769  4.01594  2.33398  3.46365  4.07190  4.48967  4.17729  4.07593  3.27895  2.35292  1.13708  5.00356  3.56068   1425 v - - -
          2.68618  4.42225  2.77519  2.73123  3.46354  2.40513  3.72494  3.29354  2.67741  2.69355  4.24690  2.90347  2.73739  3.18146  2.89801  2.37887  2.77519  2.98518  4.58477  3.61503
          0.01072  4.93642  5.65877  0.61958  0.77255  0.48576  0.95510
     55   3.86760  5.05667  5.94766  5.45078  4.00491  5.45283  6.04644  0.90408  5.37346  1.33009  3.73695  5.61670  5.59266  5.46894  5.45077  4.87964  4.11148  1.63422  6.19166  5.09838   1426 i - - -
          2.68618  4.42225  2.77519  2.73123  3.46354  2.40513  3.72494  3.29354  2.67741  2.69355  4.24690  2.90347  2.73739  3.18146  2.89801  2.37887  2.77519  2.98518  4.58477  3.61503
          0.01072  4.93642  5.65877  0.61958  0.77255  0.48576  0.95510
     56   4.04362  5.28754  5.86511  5.29464  3.20694  5.38169  5.64620  2.48687  5.15224  1.81064  0.60247  5.49378  5.46293  5.09300  5.15123  4.76060  4.25441  2.72629  5.72978  4.68556   1427 M - - -
          2.68618  4.42225  2.77519  2.73123  3.46354  2.40513  3.72494  3.29354  2.67741  2.69355  4.24690  2.90347  2.73739  3.18146  2.89801  2.37887  2.77519  2.98518  4.58477  3.61503
          0.02346  4.95376  4.12700  0.61958  0.77255  0.48576  0.95510
     57   2.90562  4.91357  4.42054  4.41077  5.42098  0.30298  5.44539  4.92033  4.61675  4.65066  5.50960  4.30413  4.50276  4.82938  4.77158  3.20120  3.57096  3.86708  6.75033  5.61361   1428 G - - -
          2.68700  4.41254  2.77580  2.73195  3.46170  2.40650  3.72164  3.29247  2.67825  2.69435  4.23924  2.90374  2.73810  3.18083  2.89829  2.38029  2.77580  2.98521  4.57282  3.61239
          0.12391  2.17972  5.66332  4.00725  0.01835  0.51940  0.90357
     58   3.74164  5.65484  4.50395  3.61723  4.86953  4.35860  4.16786  4.40304  2.26369  3.85429  4.76843  3.92175  4.68746  3.33611  0.61852  3.77760  3.70931  4.13744  2.56878  4.63364   1504 R - - -
          2.68618  4.42225  2.77519  2.73123  3.46354  2.40513  3.72494  3.29354  2.67741  2.69355  4.24690  2.90347  2.73739  3.18146  2.89801  2.37887  2.77519  2.98518  4.58477  3.61503
          0.01692  4.94098  4.64323  0.61958  0.77255  0.51940  0.90357
     59   2.91125  5.24200  3.32148  2.74621  4.54476  3.74760  3.84323  3.43124  1.14486  3.34802  4.31520  3.23465  4.13586  3.03550  2.83518  2.00598  3.14552  3.52069  5.69959  4.36953   1505 k - - -
          2.68618  4.42225  2.77519  2.73123  3.46354  2.40513  3.72494  3.29354  2.67741  2.69355  4.24690  2.90347  2.73739  3.18146  2.89801  2.37887  2.77519  2.98518  4.58477  3.61503
          0.01074  4.93480  5.65715  0.61958  0.77255  0.45610  1.00443
     60   2.81205  1.80170  4.70346  4.33139  4.62226  3.59755  5.03198  3.97068  4.21695  3.73148  4.59555  3.65307  4.35967  4.45140  4.39661  2.75862  0.75645  3.32063  6.05943  4.90197   1533 t - - -
          2.68618  4.42225  2.77519  2.73123  3.46354  2.40513  3.72494  3.29354  2.67741  2.69355  4.24690  2.90347  2.73739  3.18146  2.89801  2.37887  2.77519  2.98518  4.58477  3.61503
          0.01054  4.95376  5.67611  0.61958  0.77255  0.48576  0.95510
     61   3.73581  5.13884  5.19636  4.77453  2.02461  2.44166  4.14894  3.65204  4.60522  2.89410  4.27940  4.59485  5.09782  4.61765  4.63437  4.10312  4.05879  3.49664  1.01544  1.86957   1534 w - - -
          2.68618  4.42225  2.77519  2.73123  3.46354  2.40513  3.72494  3.29354  2.67741  2.69355  4.24690  2.90347  2.73739  3.18146  2.89801  2.37887  2.77519  2.98518  4.58477  3.61503
          0.01054  4.95376  5.67611  0.61958  0.77255  0.48576  0.95510
     62   2.65785  5.29780  1.65138  1.78901  3.54443  3.65277  3.85609  4.06520  2.61411  3.41483  4.35083  3.13582  4.05338  2.88589  3.10200  2.85830  2.42472  3.48943  5.75457  4.36495   1535 d - - -
          2.68618  4.42225  2.77519  2.73123  3.46354  2.40513  3.72494  3.29354  2.67741  2.69355  4.24690  2.90347  2.73739  3.18146  2.89801  2.37887  2.77519  2.98518  4.58477  3.61503
          0.01054  4.95376  5.67611  0.61958  0.77255  0.48576  0.95510
     63   2.82680  5.29704  2.97899  2.65098  5.07688  3.43976  4.42343  4.54101  3.36885  4.11854  4.93391  3.45189  4.32515  3.60238  3.85877  0.61283  3.37732  4.05267  6.31544  4.94831   1536 S - - -
          2.68618  4.42225  2.77519  2.73123  3.46354  2.40513  3.72494  3.29354  2.67741  2.69355  4.24690  2.90347  2.73739  3.18146  2.89801  2.37887  2.77519  2.98518  4.58477  3.61503
          0.01054  4.95376  5.67611  0.61958  0.77255  0.48576  0.95510
     64   2.95449  4.35152  4.73482  3.86593  3.17195  4.11594  4.44419  1.11195  3.87379  1.94102  3.35545  4.21357  4.47455  4.12807  4.03765  3.42173  2.36264  2.46507  4.98931  3.55533   1537 i - - -
          2.68623  4.42230  2.77519  2.73129  3.46359  2.40509  3.72500  3.29359  2.67746  2.69296  4.24695  2.90352  2.73745  3.18152  2.89806  2.37892  2.77525  2.98524  4.58482  3.61508
          0.19995  1.91020  3.40599  0.17170  1.84663  0.48576  0.95510
     65   2.76042  4.73536  3.73637  3.25509  2.55129  2.85330  4.27470  3.51818  3.22921  3.20745  4.07889  3.62639  1.08727  3.55475  3.22138  2.84647  3.19181  3.22136  5.52043  4.26376   1539 p - - -
          2.68618  4.42225  2.77519  2.73123  3.46354  2.40513  3.72494  3.29354  2.67741  2.69355  4.24690  2.90347  2.73739  3.18146  2.89801  2.37887  2.77519  2.98518  4.58477  3.61503
          0.07304  4.92357  2.76200  0.61958  0.77255  0.56281  0.84306
     66   2.71172  5.30714  2.82596  2.33833  4.64153  3.59911  3.72590  3.71396  2.09310  3.11663  4.35071  2.40418  2.29886  2.76598  2.97033  2.19474  3.05337  3.60450  5.74616  4.34176   1540 k - - -
          2.68570  4.42220  2.77532  2.73136  3.46367  2.40523  3.72507  3.29367  2.67754  2.69368  4.24703  2.90360  2.73752  3.18159  2.89814  2.37900  2.77463  2.98450  4.58490  3.61516
          0.17781  2.05214  3.36854  0.99301  0.46277  0.65067  0.73751
     67   2.81769  5.33977  3.03122  2.36347  4.68640  3.38688  3.79044  4.16598  1.74289  3.38183  4.38230  1.97958  4.00353  2.23401  2.59622  2.73363  3.04346  3.73174  5.76656  4.36512   1544 k - - -
          2.68618  4.42225  2.77519  2.73123  3.46354  2.40513  3.72494  3.29354  2.67741  2.69355  4.24690  2.90347  2.73739  3.18146  2.89801  2.37887  2.77519  2.98518  4.58477  3.61503
          0.01567  4.84324  4.87093  0.61958  0.77255  0.73397  0.65393
     68   2.83011  4.23417  4.41390  3.82121  1.86977  3.61176  4.26061  2.71926  3.59895  1.95847  3.31597  2.71355  4.31905  3.88082  3.48954  3.12852  3.06217  2.00144  4.51072  2.82847   1545 f - - -
          2.68618  4.42225  2.77519  2.73123  3.46354  2.40513  3.72494  3.29354  2.67741  2.69355  4.24690  2.90347  2.73739  3.18146  2.89801  2.37887  2.77519  2.98518  4.58477  3.61503
          0.01182  4.83939  5.56174  0.61958  0.77255  0.57122  0.83203
     69   3.84046  5.90441  4.45133  3.53205  5.53789  4.19416  3.73881  4.77921  1.28095  4.08799  4.97645  3.67540  4.67220  3.20524  0.81162  3.80194  3.93023  4.46963  6.02209  4.96015   1546 r - - -
          2.68621  4.41894  2.77443  2.73183  3.46318  2.40597  3.72404  3.29347  2.67685  2.69357  4.24435  2.90390  2.73799  3.18156  2.89770  2.37973  2.77575  2.98552  4.58061  3.61284
          0.13688  2.12450  4.77541  3.28325  0.03823  0.42874  1.05363
     70   2.86837  4.78920  4.35412  4.00590  4.52945  3.73780  4.90168  3.58702  3.87238  2.96651  4.46960  4.10900  0.58587  4.23280  4.11637  3.18517  3.15297  2.95307  6.05049  4.84302   1600 P - - -
          2.68618  4.42225  2.77519  2.73123  3.46354  2.40513  3.72494  3.29354  2.67741  2.69355  4.24690  2.90347  2.73739  3.18146  2.89801  2.37887  2.77519  2.98518  4.58477  3.61503
          0.01069  4.93970  5.66204  0.61958  0.77255  0.50775  0.92092
     71   3.02233  4.56159  3.91570  3.69488  3.53992  4.05242  4.34317  2.96239  3.55036  0.84819  3.59633  3.96840  2.67992  3.84626  3.69659  3.35753  3.26296  2.80365  4.42159  3.84734   1601 l - - -
          2.68618  4.42225  2.77519  2.73123  3.46354  2.40513  3.72494  3.29354  2.67741  2.69355  4.24690  2.90347  2.73739  3.18146  2.89801  2.37887  2.77519  2.98518  4.58477  3.61503
          0.01065  4.94318  5.66552  0.61958  0.77255  0.49442  0.94141
     72   2.56085  5.36530  2.99103  2.56380  4.70315  3.33501  3.46573  4.18284  1.52393  3.61206  4.40995  2.42834  2.30140  2.82769  3.03966  2.75234  3.10644  3.75250  5.80160  4.39624   1602 k - - -
          2.68618  4.42225  2.77519  2.73123  3.46354  2.40513  3.72494  3.29354  2.67741  2.69355  4.24690  2.90347  2.73739  3.18146  2.89801  2.37887  2.77519  2.98518  4.58477  3.61503
          0.01060  4.94767  5.67001  0.61958  0.77255  0.50199  0.92969
     73   2.85237  5.43303  2.22954  2.37429  4.76380  1.91047  3.59893  4.24764  2.41932  3.73212  4.48113  2.10678  4.07390  2.96104  3.14425  2.88953  3.16741  3.81674  5.87023  2.83389   1603 g - - -
          2.68618  4.42225  2.77519  2.73123  3.46354  2.40513  3.72494  3.29354  2.67741  2.69355  4.24690  2.90347  2.73739  3.18146  2.89801  2.37887  2.77519  2.98518  4.58477  3.61503
          0.01060  4.94767  5.67001  0.61958  0.77255  0.50199  0.92969
     74   3.67730  4.42383  4.35317  3.49649  5.30724  4.28551  4.14483  4.58995  1.77403  3.99450  4.87182  3.83658  4.62966  3.27473  0.63199  3.67981  3.53052  4.27258  6.00113  4.89568   1604 R - - -
          2.68618  4.42225  2.77519  2.73123  3.46354  2.40513  3.72494  3.29354  2.67741  2.69355  4.24690  2.90347  2.73739  3.18146  2.89801  2.37887  2.77519  2.98518  4.58477  3.61503
          0.01060  4.94767  5.67001  0.61958  0.77255  0.50199  0.92969
     75   2.74806  4.33008  4.28494  3.63366  2.99759  4.00077  4.16459  1.98185  3.62286  1.15974  3.44491  4.02399  4.36866  3.70829  3.29761  3.29323  3.00770  2.52838  4.94418  3.75693   1605 l - - -
          2.68618  4.42225  2.77519  2.73123  3.46354  2.40513  3.72494  3.29354  2.67741  2.69355  4.24690  2.90347  2.73739  3.18146  2.89801  2.37887  2.77519  2.98518  4.58477  3.61503
          0.01060  4.94767  5.67001  0.61958  0.77255  0.50199  0.92969
     76   2.10737  3.89609  3.67279  3.18570  4.49365  3.64549  4.07964  3.77384  3.17539  3.55050  4.37938  0.89895  4.21623  3.51061  3.58153  2.83823  3.00165  3.51333  5.81423  4.53729   1606 n - - -
          2.68618  4.42225  2.77519  2.73123  3.46354  2.40513  3.72494  3.29354  2.67741  2.69355  4.24690  2.90347  2.73739  3.18146  2.89801  2.37887  2.77519  2.98518  4.58477  3.61503
          0.01060  4.94767  5.67001  0.61958  0.77255  0.50199  0.92969
     77   3.23939  4.56708  5.14999  4.57736  3.56533  4.51987  4.92021  1.20479  4.41890  2.52137  3.68377  4.64650  4.84926  4.59280  4.49367  3.85192  2.38415  1.24211  5.41430  3.68011   1607 i - - -
          2.68618  4.42225  2.77519  2.73123  3.46354  2.40513  3.72494  3.29354  2.67741  2.69355  4.24690  2.90347  2.73739  3.18146  2.89801  2.37887  2.77519  2.98518  4.58477  3.61503
          0.01164  4.94767  5.41054  0.61958  0.77255  0.50199  0.92969
     78   3.77884  4.97793  5.85585  5.39177  4.27538  5.38713  6.13286  1.86262  5.32365  2.67348  3.45301  5.55350  5.60213  5.56347  5.48195  4.82683  4.04040  0.45701  6.41833  5.21659   1608 V - - -
          2.68618  4.42225  2.77519  2.73123  3.46354  2.40513  3.72494  3.29354  2.67741  2.69355  4.24690  2.90347  2.73739  3.18146  2.89801  2.37887  2.77519  2.98518  4.58477  3.61503
          0.01061  4.94665  5.66899  0.61958  0.77255  0.50468  0.92558
     79   3.85958  5.06427  5.91487  5.39077  3.74372  5.37709  5.87931  1.29358  5.29234  1.05904  3.55825  5.53994  5.51745  5.33890  5.33272  4.78241  4.09546  1.47983  6.03045  4.96306   1609 l - - -
          2.68618  4.42225  2.77519  2.73123  3.46354  2.40513  3.72494  3.29354  2.67741  2.69355  4.24690  2.90347  2.73739  3.18146  2.89801  2.37887  2.77519  2.98518  4.58477  3.61503
          0.01061  4.94665  5.66899  0.61958  0.77255  0.50468  0.92558
     80   2.83634  4.76822  4.47775  4.27592  5.25844  3.54823  5.22506  4.70297  4.30157  4.40973  5.20901  4.16811  4.37059  4.54771  4.51759  0.70995  1.33735  3.98981  6.59835  5.44896   1610 s - - -
          2.68618  4.42225  2.77519  2.73123  3.46354  2.40513  3.72494  3.29354  2.67741  2.69355  4.24690  2.90347  2.73739  3.18146  2.89801  2.37887  2.77519  2.98518  4.58477  3.61503
          0.03225  4.94665  3.70374  0.61958  0.77255  0.50468  0.92558
     81   2.27052  5.34462  3.19951  2.63496  4.68508  3.44520  3.50612  4.14241  1.98789  3.63727  4.39869  3.13649  3.78907  2.94049  1.45190  2.57035  3.03436  3.73546  5.77560  4.40322   1611 r - - -
          2.68618  4.42225  2.77519  2.73123  3.46354  2.40513  3.72494  3.29354  2.67741  2.69355  4.24690  2.90347  2.73739  3.18146  2.89801  2.37887  2.77519  2.98518  4.58477  3.61503
          0.03119  4.92524  3.75308  0.61958  0.77255  0.55875  0.84845
     82   2.80757  5.33012  2.77503  2.43441  4.66514  3.61738  3.80753  4.14401  2.36050  3.63087  4.02356  2.42054  4.01232  2.54067  2.88550  2.32308  1.65057  3.71544  5.76850  4.36365   1612 t - - -
          2.68618  4.42225  2.77519  2.73123  3.46354  2.40513  3.72494  3.29354  2.67741  2.69355  4.24690  2.90347  2.73739  3.18146  2.89801  2.37887  2.77519  2.98518  4.58477  3.61503
          0.01448  4.90303  4.96930  0.61958  0.77255  0.60607  0.78854
     83   2.70448  4.79224  3.43858  2.55029  3.96980  3.09260  3.96616  3.35253  2.74157  1.89689  2.46834  3.31254  3.39785  2.98189  3.21496  2.28572  2.93202  2.90613  5.34046  3.81636   1613 l - - -
          2.68618  4.42225  2.77519  2.73123  3.46354  2.40513  3.72494  3.29354  2.67741  2.69355  4.24690  2.90347  2.73739  3.18146  2.89801  2.37887  2.77519  2.98518  4.58477  3.61503
          0.01319  4.89968  5.17495  0.61958  0.77255  0.53230  0.88492
     84   2.80712  5.35056  2.81107  2.07593  4.69452  3.39939  3.56978  4.17972  2.34118  3.65536  4.28073  2.54290  2.67200  2.30385  2.91340  2.25683  2.66063  3.46722  5.78389  4.09780   1614 e - - -
          2.68618  4.42225  2.77519  2.73123  3.46354  2.40513  3.72494  3.29354  2.67741  2.69355  4.24690  2.90347  2.73739  3.18146  2.89801  2.37887  2.77519  2.98518  4.58477  3.61503
          0.02286  4.91791  4.18056  0.61958  0.77255  0.55864  0.84860
     85   2.61649  2.91696  3.32906  2.14340  2.88486  3.33849  4.10070  3.04142  3.12282  2.57137  2.59989  3.48876  3.97094  3.45080  3.49716  2.71306  2.96194  2.70507  4.55939  2.77180   1615 e - - -
          2.68618  4.42225  2.77519  2.73123  3.46354  2.40513  3.72494  3.29354  2.67741  2.69355  4.24690  2.90347  2.73739  3.18146  2.89801  2.37887  2.77519  2.98518  4.58477  3.61503
          0.01102  4.90919  5.63154  0.61958  0.77255  0.59195  0.80575
     86   2.79655  4.95880  2.87064  1.97629  4.51260  3.61548  3.67237  3.92230  2.35579  3.38405  3.94284  2.41399  2.63799  2.24142  3.00836  2.46959  2.90497  3.42065  5.76899  4.29195   1616 e - - -
          2.68618  4.42225  2.77519  2.73123  3.46354  2.40513  3.72494  3.29354  2.67741  2.69355  4.24690  2.90347  2.73739  3.18146  2.89801  2.37887  2.77519  2.98518  4.58477  3.61503
          0.12223  4.90919  2.22858  0.61958  0.77255  0.57814  0.82312
     87   2.54091  4.18910  2.92766  2.70561  3.22625  2.66633  3.77575  2.83006  2.82275  2.33953  3.73926  3.18354  3.03052  3.22984  2.91696  2.68331  2.91750  2.69798  4.47296  3.49288   1617 x - m -
          2.68618  4.42225  2.77519  2.73123  3.46354  2.40513  3.72494  3.29354  2.67741  2.69355  4.24690  2.90347  2.73739  3.18146  2.89801  2.37887  2.77519  2.98518  4.58477  3.61503
          0.19312  4.80297  1.78729  0.61958  0.77255  0.80169  0.59524
     88   2.54091  4.18910  2.92766  2.70561  3.22625  2.66633  3.77575  2.83006  2.82275  2.33953  3.73926  3.18354  3.03052  3.22984  2.91696  2.68331  2.91750  2.69798  4.47296  3.49288   1618 x - m -
          2.68618  4.42225  2.77519  2.73123  3.46354  2.40513  3.72494  3.29354  2.67741  2.69355  4.24690  2.90347  2.73739  3.18146  2.89801  2.37887  2.77519  2.98518  4.58477  3.61503
          0.16766  4.62453  1.93410  0.61958  0.77255  0.83473  0.56914
     89   2.54091  4.18910  2.92766  2.70561  3.22625  2.66633  3.77575  2.83006  2.82275  2.33953  3.73926  3.18354  3.03052  3.22984  2.91696  2.68331  2.91750  2.69798  4.47296  3.49288   1619 x - m -
          2.68638  4.41347  2.77615  2.73158  3.46218  2.40673  3.72221  3.29291  2.67838  2.69408  4.23720  2.90320  2.73820  3.18109  2.89851  2.38009  2.77549  2.98559  4.57387  3.61292
          0.72047  0.69294  4.31428  3.13105  0.04465  0.24850  1.51400
     90   2.19423  4.99350  3.12749  2.45371  3.82023  3.08888  3.80823  3.71430  2.55316  3.12825  4.26731  2.53242  2.73262  2.65292  3.08068  2.41880  2.28890  3.44448  5.67986  4.15685   1675 a - - -
          2.68618  4.42225  2.77519  2.73123  3.46354  2.40513  3.72494  3.29354  2.67741  2.69355  4.24690  2.90347  2.73739  3.18146  2.89801  2.37887  2.77519  2.98518  4.58477  3.61503
          0.01073  4.93561  5.65795  0.61958  0.77255  0.48542  0.95565
     91   2.69746  5.31941  2.86026  1.84324  4.64425  2.54205  3.82826  4.11634  2.55435  2.66355  4.36605  2.93430  2.55432  2.82537  3.06222  2.51448  2.78091  3.50846  5.76476  4.36592   1676 e - - -
          2.68618  4.42225  2.77519  2.73123  3.46354  2.40513  3.72494  3.29354  2.67741  2.69355  4.24690  2.90347  2.73739  3.18146  2.89801  2.37887  2.77519  2.98518  4.58477  3.61503
          0.01063  4.94567  5.66802  0.61958  0.77255  0.50199  0.92969
     92   2.65295  5.08621  2.19266  2.55582  4.61461  2.80406  3.70867  2.82128  2.57564  3.21523  4.34508  2.14549  3.63919  2.84673  2.44363  2.66235  3.02822  3.57613  5.74657  4.35285   1677 n - - -
          2.68618  4.42225  2.77519  2.73123  3.46354  2.40513  3.72494  3.29354  2.67741  2.69355  4.24690  2.90347  2.73739  3.18146  2.89801  2.37887  2.77519  2.98518  4.58477  3.61503
          0.01063  4.94567  5.66802  0.61958  0.77255  0.50199  0.92969
     93   2.46760  3.84489  3.99941  3.70219  3.42970  3.96983  2.49683  2.78771  3.59048  1.83470  3.43654  3.93030  4.00961  3.75221  3.78782  2.88910  3.00826  1.57481  4.97745  3.39943   1678 v - - -
          2.68618  4.42225  2.77519  2.73123  3.46354  2.40513  3.72494  3.29354  2.67741  2.69355  4.24690  2.90347  2.73739  3.18146  2.89801  2.37887  2.77519  2.98518  4.58477  3.61503
          0.02035  4.94567  4.34032  0.61958  0.77255  0.50199  0.92969
     94   2.82382  4.44405  3.85239  2.93098  2.90650  3.91618  2.86747  2.59851  3.25566  2.45034  3.49299  3.77642  4.29025  3.46156  3.34703  3.15054  2.25666  2.32216  2.80476  2.47725   1679 t - - -
          2.68618  4.42225  2.77519  2.73123  3.46354  2.40513  3.72494  3.29354  2.67741  2.69355  4.24690  2.90347  2.73739  3.18146  2.89801  2.37887  2.77519  2.98518  4.58477  3.61503
          0.01073  4.93604  5.65839  0.61958  0.77255  0.48611  0.95454
     95   2.37820  4.20356  4.73483  4.12792  3.08140  3.92843  4.23202  2.26844  3.93857  2.27178  3.39818  4.16878  4.41010  4.09222  3.98868  3.35221  2.63258  1.13718  4.55669  3.61689   1680 v - - -
          2.68628  4.42108  2.77527  2.73132  3.46332  2.40529  3.72455  3.29341  2.67751  2.69364  4.24597  2.90350  2.73748  3.18139  2.89804  2.37904  2.77527  2.98519  4.58333  3.61471
          0.14367  2.05990  5.05784  1.85268  0.17057  0.47575  0.97133
     96   2.05751  2.89313  3.52012  2.77819  3.26999  3.78206  3.89265  3.19906  2.91649  2.98161  3.84976  3.17283  2.79034  3.25840  2.43879  2.34714  3.07007  2.56677  5.31387  3.72069   1689 a - - -
          2.68618  4.42225  2.77519  2.73123  3.46354  2.40513  3.72494  3.29354  2.67741  2.69355  4.24690  2.90347  2.73739  3.18146  2.89801  2.37887  2.77519  2.98518  4.58477  3.61503
          0.01059  4.94889  5.67123  0.61958  0.77255  0.48096  0.96283
     97   2.80363  4.96687  2.59189  2.55241  4.70301  2.25147  3.58858  4.18690  2.07526  3.66485  4.40234  2.26009  3.51293  2.87563  2.63133  2.37855  2.76730  3.69953  5.79523  4.31681   1690 k - - -
          2.68618  4.42225  2.77519  2.73123  3.46354  2.40513  3.72494  3.29354  2.67741  2.69355  4.24690  2.90347  2.73739  3.18146  2.89801  2.37887  2.77519  2.98518  4.58477  3.61503
          0.01054  4.95328  5.67563  0.61958  0.77255  0.48576  0.95510
     98   2.85874  2.94812  2.93633  3.11866  4.71129  2.21593  4.31234  4.14910  3.16463  3.75593  4.55366  3.25601  4.20304  3.48415  3.60231  0.99234  2.98271  3.69303  5.97603  4.67228   1691 s - - -
          2.68618  4.42225  2.77519  2.73123  3.46354  2.40513  3.72494  3.29354  2.67741  2.69355  4.24690  2.90347  2.73739  3.18146  2.89801  2.37887  2.77519  2.98518  4.58477  3.61503
          0.01054  4.95328  5.67563  0.61958  0.77255  0.48576  0.95510
     99   2.89244  4.30806  4.76601  4.16022  2.39342  4.08043  4.41050  1.74690  3.74055  1.53669  3.40891  4.20337  3.58816  4.12462  4.02258  3.38795  2.35733  2.25592  4.93604  3.75881   1692 l - - -
          2.68618  4.42225  2.77519  2.73123  3.46354  2.40513  3.72494  3.29354  2.67741  2.69355  4.24690  2.90347  2.73739  3.18146  2.89801  2.37887  2.77519  2.98518  4.58477  3.61503
          0.01054  4.95328  5.67563  0.61958  0.77255  0.48576  0.95510
    100   2.66249  5.42808  1.60544  1.74475  4.76718  3.64648  3.55031  4.25479  2.56081  3.73087  4.47312  3.08290  3.30308  2.62578  3.11729  2.58408  3.08019  3.69055  5.86163  4.44453   1693 d - - -
          2.68618  4.42225  2.77519  2.73123  3.46354  2.40513  3.72494  3.29354  2.67741  2.69355  4.24690  2.90347  2.73739  3.18146  2.89801  2.37887  2.77519  2.98518  4.58477  3.61503
          0.01054  4.95328  5.67563  0.61958  0.77255  0.48576  0.95510
    101   2.78806  5.39389  1.80777  2.05673  4.73332  3.63999  3.84355  4.21838  2.54047  3.43376  4.43748  2.36514  4.04456  2.67851  3.08506  2.02088  3.10108  3.72400  5.82847  4.04847   1694 d - - -
          2.68636  4.42003  2.77533  2.73139  3.46312  2.40544  3.72419  3.29330  2.67760  2.69373  4.24515  2.90353  2.73755  3.18132  2.89807  2.37919  2.77533  2.98519  4.58204  3.61443
          0.12230  2.19202  5.67563  2.55402  0.08096  0.48576  0.95510
    102   1.06308  4.13995  4.48448  3.89917  3.40662  3.75790  4.38226  2.07744  3.76818  2.54475  3.31447  4.07171  4.42068  3.97775  3.92497  3.28840  3.16457  2.32669  5.02952  3.74143   1780 a - - -
          2.68618  4.42225  2.77519  2.73123  3.46354  2.40513  3.72494  3.29354  2.67741  2.69355  4.24690  2.90347  2.73739  3.18146  2.89801  2.37887  2.77519  2.98518  4.58477  3.61503
          0.01054  4.95328  5.67563  0.61958  0.77255  0.48576  0.95510
    103   2.90377  3.91796  4.81834  3.79246  3.14915  3.95084  4.40460  2.34109  3.94574  1.42666  2.36909  4.21743  4.43409  4.14552  4.03154  3.29739  3.13610  1.62129  4.91127  3.66993   1781 l - - -
          2.68618  4.42225  2.77519  2.73123  3.46354  2.40513  3.72494  3.29354  2.67741  2.69355  4.24690  2.90347  2.73739  3.18146  2.89801  2.37887  2.77519  2.98518  4.58477  3.61503
          0.01054  4.95328  5.67563  0.61958  0.77255  0.48576  0.95510
    104   2.45008  5.36410  2.49088  1.88934  4.70770  3.63092  3.35111  3.86875  2.37231  3.66871  4.40518  2.91860  4.02451  2.73163  2.25268  2.20333  2.95519  3.42631  5.79760  4.38756   1782 e - - -
          2.68618  4.42225  2.77519  2.73123  3.46354  2.40513  3.72494  3.29354  2.67741  2.69355  4.24690  2.90347  2.73739  3.18146  2.89801  2.37887  2.77519  2.98518  4.58477  3.61503
          0.01054  4.95328  5.67563  0.61958  0.77255  0.48576  0.95510
    105   2.72227  4.95781  2.52607  2.16269  2.68399  3.72006  3.49737  3.42509  2.65201  1.94228  3.72831  3.28125  4.10815  3.01127  3.00423  2.68044  3.09460  3.24883  5.03062  3.61237   1783 l - - -
          2.68618  4.42225  2.77519  2.73123  3.46354  2.40513  3.72494  3.29354  2.67741  2.69355  4.24690  2.90347  2.73739  3.18146  2.89801  2.37887  2.77519  2.98518  4.58477  3.61503
          0.04628  4.95328  3.26587  0.61958  0.77255  0.48576  0.95510
    106   2.58439  4.09220  4.78050  4.17858  3.37325  4.11137  4.44793  2.41996  3.99584  1.11342  3.34278  4.23068  4.13334  4.15217  4.05326  3.35252  3.13001  1.73686  4.97463  3.67603   1784 l - - -
          2.68638  4.41988  2.77534  2.73141  3.46309  2.40546  3.72414  3.29328  2.67761  2.69374  4.24503  2.90353  2.73756  3.18131  2.89808  2.37921  2.77534  2.98519  4.58185  3.61439
          0.36456  1.40610  2.80682  1.99606  0.14603  0.57512  0.82699
    107   1.70191  5.12133  2.85764  2.32083  4.49825  3.58011  3.55798  3.99044  2.20840  2.60667  4.24907  2.94071  3.96017  2.73458  2.83256  2.60284  2.86615  3.59935  5.50511  4.26017   1798 a - - -
          2.68618  4.42225  2.77519  2.73123  3.46354  2.40513  3.72494  3.29354  2.67741  2.69355  4.24690  2.90347  2.73739  3.18146  2.89801  2.37887  2.77519  2.98518  4.58477  3.61503
          0.14986  4.85941  2.02941  0.61958  0.77255  0.70179  0.68458
    108   2.54091  4.18910  2.92766  2.70561  3.22625  2.66633  3.77575  2.83006  2.82275  2.33953  3.73926  3.18354  3.03052  3.22984  2.91696  2.68331  2.91750  2.69798  4.47296  3.49288   1799 x - m -
          2.68618  4.42225  2.77519  2.73123  3.46354  2.40513  3.72494  3.29354  2.67741  2.69355  4.24690  2.90347  2.73739  3.18146  2.89801  2.37887  2.77519  2.98518  4.58477  3.61503
          0.01329  4.72285  5.44519  0.61958  0.77255  0.90971  0.51524
    109   2.54091  4.18910  2.92766  2.70561  3.22625  2.66633  3.77575  2.83006  2.82275  2.33953  3.73926  3.18354  3.03052  3.22984  2.91696  2.68331  2.91750  2.69798  4.47296  3.49288   1800 x - m -
          2.68618  4.42225  2.77519  2.73123  3.46354  2.40513  3.72494  3.29354  2.67741  2.69355  4.24690  2.90347  2.73739  3.18146  2.89801  2.37887  2.77519  2.98518  4.58477  3.61503
          0.01323  4.72771  5.45006  0.61958  0.77255  0.82682  0.57525
    110   2.54091  4.18910  2.92766  2.70561  3.22625  2.66633  3.77575  2.83006  2.82275  2.33953  3.73926  3.18354  3.03052  3.22984  2.91696  2.68331  2.91750  2.69798  4.47296  3.49288   1801 x - m -
          2.68618  4.42225  2.77519  2.73123  3.46354  2.40513  3.72494  3.29354  2.67741  2.69355  4.24690  2.90347  2.73739  3.18146  2.89801  2.37887  2.77519  2.98518  4.58477  3.61503
          0.01533  4.75523  5.01940  0.61958  0.77255  0.88018  0.53565
    111   2.54091  4.18910  2.92766  2.70561  3.22625  2.66633  3.77575  2.83006  2.82275  2.33953  3.73926  3.18354  3.03052  3.22984  2.91696  2.68331  2.91750  2.69798  4.47296  3.49288   1802 x - m -
          2.68618  4.42225  2.77519  2.73123  3.46354  2.40513  3.72494  3.29354  2.67741  2.69355  4.24690  2.90347  2.73739  3.18146  2.89801  2.37887  2.77519  2.98518  4.58477  3.61503
          0.01290  4.75280  5.47515  0.61958  0.77255  0.50180  0.92998
    112   2.07717  3.25825  2.38460  2.53946  4.47822  3.35638  3.60089  3.77500  2.49260  3.27261  4.24596  3.11987  3.66730  2.83403  2.96834  1.90984  2.91953  3.36269  5.65812  4.28427   1803 s - - -
          2.68618  4.42225  2.77519  2.73123  3.46354  2.40513  3.72494  3.29354  2.67741  2.69355  4.24690  2.90347  2.73739  3.18146  2.89801  2.37887  2.77519  2.98518  4.58477  3.61503
          0.04997  4.87498  3.19161  0.61958  0.77255  0.67032  0.71651
    113   2.79808  5.26004  2.11323  2.27294  3.70055  3.24632  3.74837  4.04658  2.39141  2.35529  4.30786  3.02682  3.99032  2.81324  2.34017  2.40035  3.02587  3.63648  5.70859  4.31406   1804 d - - -
          2.68618  4.42225  2.77519  2.73123  3.46354  2.40513  3.72494  3.29354  2.67741  2.69355  4.24690  2.90347  2.73739  3.18146  2.89801  2.37887  2.77519  2.98518  4.58477  3.61503
          0.01185  4.83687  5.55921  0.61958  0.77255  0.72234  0.66478
    114   2.78233  5.24970  2.86646  2.25816  4.56413  3.14165  3.50457  3.00293  1.65421  3.50013  4.29866  3.04884  3.99403  2.88742  2.93434  2.39968  3.00431  3.62380  5.70093  2.84747   1805 k - - -
          2.68630  4.42075  2.77529  2.73134  3.46325  2.40534  3.72444  3.29337  2.67754  2.69367  4.24572  2.90351  2.73750  3.18137  2.89805  2.37908  2.77529  2.98519  4.58292  3.61462
          0.45719  1.02401  4.85520  1.28193  0.32504  0.46870  0.98301
    115   2.72723  4.21649  4.06909  3.84346  3.36605  4.00430  4.32227  1.42199  3.78946  1.93858  3.41206  4.06549  4.28720  3.83834  3.63080  3.11565  2.91024  1.80724  4.91441  3.67296   1814 i - - -
          2.68618  4.42221  2.77520  2.73123  3.46353  2.40513  3.72493  3.29353  2.67741  2.69355  4.24686  2.90347  2.73740  3.18146  2.89801  2.37887  2.77520  2.98518  4.58472  3.61502
          0.02258  3.97611  5.63608  0.74522  0.64365  0.42834  1.05438
    116   2.99595  5.55229  1.89192  1.61764  4.88505  2.42007  3.86076  4.38013  2.69404  3.85275  4.60492  2.92867  2.41675  3.02332  3.13062  2.80295  3.22116  3.93797  5.98461  4.55155   1818 e - - -
          2.68618  4.42225  2.77519  2.73123  3.46354  2.40513  3.72494  3.29354  2.67741  2.69355  4.24690  2.90347  2.73739  3.18146  2.89801  2.37887  2.77519  2.98518  4.58477  3.61503
          0.02048  4.95328  4.32695  0.61958  0.77255  0.48576  0.95510
    117   2.30134  5.33728  3.12381  2.36006  4.67090  3.63853  3.63723  4.14617  1.70424  3.33937  3.82130  2.70817  3.77368  2.90054  1.98914  2.73477  2.94372  3.69324  5.77533  4.37534   1819 k - - -
          2.68618  4.42225  2.77519  2.73123  3.46354  2.40513  3.72494  3.29354  2.67741  2.69355  4.24690  2.90347  2.73739  3.18146  2.89801  2.37887  2.77519  2.98518  4.58477  3.61503
          0.01065  4.94346  5.66580  0.61958  0.77255  0.46985  0.98108
    118   2.95456  4.00887  4.73863  4.15702  3.60862  4.22011  4.58359  1.74791  4.01297  2.46984  3.58844  2.66367  4.37364  4.21183  4.13852  3.53064  3.05924  1.09243  5.17659  3.98688   1820 v - - -
          2.68618  4.42225  2.77519  2.73123  3.46354  2.40513  3.72494  3.29354  2.67741  2.69355  4.24690  2.90347  2.73739  3.18146  2.89801  2.37887  2.77519  2.98518  4.58477  3.61503
          0.01054  4.95328  5.67563  0.61958  0.77255  0.48576  0.95510
    119   2.78376  4.32855  4.90965  4.33459  1.39286  4.22731  4.32876  2.86716  4.13902  2.58147  2.37037  4.31137  4.58189  4.25408  4.16718  3.54015  3.32627  2.68163  2.07169  2.60687   1821 f - - -
          2.68618  4.42225  2.77519  2.73123  3.46354  2.40513  3.72494  3.29354  2.67741  2.69355  4.24690  2.90347  2.73739  3.18146  2.89801  2.37887  2.77519  2.98518  4.58477  3.61503
          0.01054  4.95328  5.67563  0.61958  0.77255  0.48576  0.95510
    120   3.27704  4.66833  5.09699  4.54460  3.91900  4.63501  5.06509  1.13903  4.41970  2.51199  3.67790  2.45164  4.96011  4.64517  4.56846  3.97055  3.57876  1.25106  5.62632  4.42449   1822 i - - -
          2.68618  4.42225  2.77519  2.73123  3.46354  2.40513  3.72494  3.29354  2.67741  2.69355  4.24690  2.90347  2.73739  3.18146  2.89801  2.37887  2.77519  2.98518  4.58477  3.61503
          0.01054  4.95328  5.67563  0.61958  0.77255  0.48576  0.95510
    121   2.20070  3.93147  4.66554  4.06633  3.34707  4.06315  4.03277  1.07608  3.89726  2.44931  3.10297  3.81795  4.42821  4.07050  3.98290  3.36664  3.11135  2.28486  4.95428  3.77202   1823 i - - -
          2.68618  4.42225  2.77519  2.73123  3.46354  2.40513  3.72494  3.29354  2.67741  2.69355  4.24690  2.90347  2.73739  3.18146  2.89801  2.37887  2.77519  2.98518  4.58477  3.61503
          0.01054  4.95328  5.67563  0.61958  0.77255  0.48576  0.95510
    122   3.22997  5.10395  4.63830  4.62028  5.46992  0.24738  5.59049  5.02208  4.78240  4.74171  5.65461  4.52185  4.67928  5.01755  4.91516  3.43530  3.79571  3.67355  6.73868  5.65473   1824 G - - -
          2.68618  4.42225  2.77519  2.73123  3.46354  2.40513  3.72494  3.29354  2.67741  2.69355  4.24690  2.90347  2.73739  3.18146  2.89801  2.37887  2.77519  2.98518  4.58477  3.61503
          0.01054  4.95328  5.67563  0.61958  0.77255  0.48576  0.95510
    123   3.48575  5.26314  4.58476  4.43065  4.84268  0.41732  5.33680  4.30812  4.43170  2.02335  5.04557  4.55280  4.83052  4.77754  4.62168  3.70320  3.96616  4.00923  6.28864  5.08335   1825 G - - -
          2.68618  4.42225  2.77519  2.73123  3.46354  2.40513  3.72494  3.29354  2.67741  2.69355  4.24690  2.90347  2.73739  3.18146  2.89801  2.37887  2.77519  2.98518  4.58477  3.61503
          0.01054  4.95328  5.67563  0.61958  0.77255  0.48576  0.95510
    124   1.84459  4.99370  3.20161  2.57158  4.52744  2.43365  3.82632  3.97205  2.41160  3.52458  4.30519  3.11583  4.07341  2.99334  3.13956  1.60947  3.09375  3.50826  5.71732  4.35121   1826 s - - -
          2.68618  4.42225  2.77519  2.73123  3.46354  2.40513  3.72494  3.29354  2.67741  2.69355  4.24690  2.90347  2.73739  3.18146  2.89801  2.37887  2.77519  2.98518  4.58477  3.61503
          0.01054  4.95328  5.67563  0.61958  0.77255  0.48576  0.95510
    125   2.80219  5.28841  3.10599  1.83284  3.17154  3.35842  3.83824  4.06386  2.58773  3.57974  4.33857  3.12749  3.99267  2.15150  2.93905  2.12783  2.25958  3.66142  5.74176  4.26413   1827 e - - -
          2.68618  4.42225  2.77519  2.73123  3.46354  2.40513  3.72494  3.29354  2.67741  2.69355  4.24690  2.90347  2.73739  3.18146  2.89801  2.37887  2.77519  2.98518  4.58477  3.61503
          0.01054  4.95328  5.67563  0.61958  0.77255  0.48576  0.95510
    126   3.29227  4.61145  5.23693  4.66268  3.73425  4.31214  4.98233  1.07902  4.49665  1.48922  3.36150  4.72057  4.89739  4.65260  4.55439  3.59346  3.53142  1.76508  5.44284  4.27057   1828 i - - -
          2.68618  4.42225  2.77519  2.73123  3.46354  2.40513  3.72494  3.29354  2.67741  2.69355  4.24690  2.90347  2.73739  3.18146  2.89801  2.37887  2.77519  2.98518  4.58477  3.61503
          0.01054  4.95328  5.67563  0.61958  0.77255  0.48576  0.95510
    127   4.85934  5.82913  5.80368  5.70322  1.47908  5.42693  4.12171  4.33076  5.47705  2.47456  4.86137  4.99375  5.67269  5.14464  5.28304  4.82765  5.05374  4.32242  4.19737  0.57733   1829 Y - - -
          2.68618  4.42225  2.77519  2.73123  3.46354  2.40513  3.72494  3.29354  2.67741  2.69355  4.24690  2.90347  2.73739  3.18146  2.89801  2.37887  2.77519  2.98518  4.58477  3.61503
          0.01054  4.95328  5.67563  0.61958  0.77255  0.48576  0.95510
    128   2.67933  5.36112  2.51472  2.38746  4.70309  2.81313  3.81981  4.18677  1.83427  3.66496  4.40270  2.83464  4.02586  2.58343  2.47220  2.76275  2.67060  2.72049  5.79551  4.38656   1830 k - - -
          2.68618  4.42225  2.77519  2.73123  3.46354  2.40513  3.72494  3.29354  2.67741  2.69355  4.24690  2.90347  2.73739  3.18146  2.89801  2.37887  2.77519  2.98518  4.58477  3.61503
          0.01054  4.95328  5.67563  0.61958  0.77255  0.48576  0.95510
    129   2.57520  5.22346  2.82530  1.98541  4.51191  3.62526  3.85269  3.95990  2.61483  2.59055  4.27963  3.03628  4.05020  2.69771  3.09591  1.86393  2.93244  3.58334  2.95699  4.14574   1831 s - - -
          2.68618  4.42225  2.77519  2.73123  3.46354  2.40513  3.72494  3.29354  2.67741  2.69355  4.24690  2.90347  2.73739  3.18146  2.89801  2.37887  2.77519  2.98518  4.58477  3.61503
          0.01054  4.95328  5.67563  0.61958  0.77255  0.48576  0.95510
    130   1.57616  4.26789  4.39901  3.80942  2.98108  2.57326  4.29914  2.18153  3.68082  2.33512  3.41096  3.99485  4.36104  3.89169  3.84313  2.67634  2.62288  2.49939  4.33378  3.62634   1832 a - - -
          2.68618  4.42225  2.77519  2.73123  3.46354  2.40513  3.72494  3.29354  2.67741  2.69355  4.24690  2.90347  2.73739  3.18146  2.89801  2.37887  2.77519  2.98518  4.58477  3.61503
          0.01054  4.95328  5.67563  0.61958  0.77255  0.48576  0.95510
    131   2.21897  4.32105  4.56969  3.83777  3.15616  4.03051  4.12455  2.66667  3.81451  1.07007  2.72549  4.09177  4.39561  3.58696  3.92352  3.32845  3.12772  2.56746  4.62426  3.61808   1833 l - - -
          2.68620  4.42202  2.77521  2.73125  3.46349  2.40516  3.72487  3.29351  2.67743  2.69357  4.24671  2.90347  2.73741  3.18145  2.89801  2.37890  2.77521  2.98518  4.58448  3.61497
          0.02618  3.79817  5.67563  1.54806  0.23910  0.48576  0.95510
    132   1.97812  5.36209  2.65511  1.98642  4.70393  3.58920  3.82042  4.18778  2.43350  3.66596  4.40371  2.48298  3.19555  2.68772  2.66965  2.69894  3.08986  3.69172  5.79658  3.04324   1846 a - - -
          2.68619  4.42206  2.77521  2.73124  3.46350  2.40515  3.72488  3.29352  2.67742  2.69356  4.24674  2.90347  2.73741  3.18145  2.89801  2.37889  2.77521  2.98518  4.58453  3.61498
          0.17900  1.82967  5.67563  0.16155  1.90264  0.48576  0.95510
    133   2.57491  5.18772  3.18923  2.59805  4.05131  3.24811  2.72956  3.90497  2.31727  2.31108  3.88098  2.97844  4.05609  2.79102  2.31037  2.22196  3.09076  3.54116  5.66343  3.59059   1848 s - - -
          2.68618  4.42225  2.77519  2.73123  3.46354  2.40513  3.72494  3.29354  2.67741  2.69355  4.24690  2.90347  2.73739  3.18146  2.89801  2.37887  2.77519  2.98518  4.58477  3.61503
          0.14838  4.95328  2.03380  0.61958  0.77255  0.48576  0.95510
    134   2.82877  5.10704  3.02344  2.58949  4.37696  2.38852  3.57634  3.80849  2.53873  3.38517  4.18235  3.03498  1.97929  2.95089  3.10338  2.29182  3.06381  2.53358  5.60289  4.24785   1849 p - - -
          2.68618  4.42225  2.77519  2.73123  3.46354  2.40513  3.72494  3.29354  2.67741  2.69355  4.24690  2.90347  2.73739  3.18146  2.89801  2.37887  2.77519  2.98518  4.58477  3.61503
          0.01209  4.81700  5.53934  0.61958  0.77255  0.64091  0.74826
    135   2.20890  4.13893  3.44001  2.80821  3.71502  2.81206  3.75408  2.28998  2.96380  2.09455  3.67432  3.49574  4.15399  3.10630  3.34550  2.75040  2.46252  2.84209  4.42438  3.60549   1850 l - - -
          2.68627  4.42188  2.77528  2.73132  3.46220  2.40524  3.72486  3.29355  2.67743  2.69355  4.24662  2.90354  2.73748  3.18149  2.89795  2.37899  2.77528  2.98524  4.58430  3.61497
          0.25126  1.52144  5.57786  0.89916  0.52241  0.36767  1.17877
    136   2.51476  2.11428  4.41309  3.82305  3.25612  3.99376  3.75919  2.08646  3.69220  2.41601  3.45682  3.90219  3.69030  3.90087  3.85004  2.32586  2.33839  2.27068  4.95449  3.76547   1857 i - - -
          2.68618  4.42225  2.77519  2.73123  3.46354  2.40513  3.72494  3.29354  2.67741  2.69355  4.24690  2.90347  2.73739  3.18146  2.89801  2.37887  2.77519  2.98518  4.58477  3.61503
          0.01054  4.95328  5.67563  0.61958  0.77255  0.48576  0.95510
    137   2.77792  5.34770  2.29613  2.33806  4.68444  3.53712  3.22463  3.76599  2.15449  3.40855  4.39058  2.96086  4.02699  2.72037  3.01842  1.86424  2.88333  3.68721  5.78537  2.99958   1858 s - - -
          2.68618  4.42225  2.77519  2.73123  3.46354  2.40513  3.72494  3.29354  2.67741  2.69355  4.24690  2.90347  2.73739  3.18146  2.89801  2.37887  2.77519  2.98518  4.58477  3.61503
          0.01054  4.95328  5.67563  0.61958  0.77255  0.48576  0.95510
    138   2.00451  5.32969  3.07287  2.21077  4.65876  3.63843  3.46377  3.82374  2.42592  3.58285  4.37476  2.23440  4.03162  2.92877  2.27240  2.82908  2.28046  3.71174  5.77176  4.09675   1859 a - - -
          2.68618  4.42225  2.77519  2.73123  3.46354  2.40513  3.72494  3.29354  2.67741  2.69355  4.24690  2.90347  2.73739  3.18146  2.89801  2.37887  2.77519  2.98518  4.58477  3.61503
          0.01054  4.95328  5.67563  0.61958  0.77255  0.48576  0.95510
    139   3.52499  4.25839  5.52228  4.95441  3.73943  4.86788  5.27680  1.23428  4.79883  1.16524  3.42747  5.02458  5.12526  4.89634  4.82980  4.22034  3.75963  1.69656  5.34471  4.49764   1860 l - - -
          2.68618  4.42225  2.77519  2.73123  3.46354  2.40513  3.72494  3.29354  2.67741  2.69355  4.24690  2.90347  2.73739  3.18146  2.89801  2.37887  2.77519  2.98518  4.58477  3.61503
          0.01054  4.95328  5.67563  0.61958  0.77255  0.48576  0.95510
    140   2.86019  4.24877  4.34611  2.45349  1.87426  3.98706  2.83777  2.61627  3.63963  1.90008  3.47673  3.96664  4.35640  3.85930  3.65282  3.27284  3.11757  2.43494  4.44640  2.83227   1861 f - - -
          2.68618  4.42225  2.77519  2.73123  3.46354  2.40513  3.72494  3.29354  2.67741  2.69355  4.24690  2.90347  2.73739  3.18146  2.89801  2.37887  2.77519  2.98518  4.58477  3.61503
          0.14637  4.95328  2.04718  0.61958  0.77255  0.48576  0.95510
    141   2.88810  4.26181  4.82267  4.21035  2.48846  4.05990  4.18145  1.46454  4.00348  1.83857  2.60311  4.21257  4.41427  4.13132  3.86404  3.37174  3.11933  2.04713  4.34196  3.70269   1862 i - - -
          2.68618  4.42225  2.77519  2.73123  3.46354  2.40513  3.72494  3.29354  2.67741  2.69355  4.24690  2.90347  2.73739  3.18146  2.89801  2.37887  2.77519  2.98518  4.58477  3.61503
          0.01207  4.81899  5.54133  0.61958  0.77255  0.33902  1.24642
    142   2.89454  4.76493  4.67308  4.46700  4.95291  3.63375  5.26853  4.02247  4.35354  3.98435  4.94105  4.28371  4.44297  4.65156  4.51195  3.02121  0.39607  3.09000  6.42514  5.24495   1906 T - - -
          2.68618  4.42225  2.77519  2.73123  3.46354  2.40513  3.72494  3.29354  2.67741  2.69355  4.24690  2.90347  2.73739  3.18146  2.89801  2.37887  2.77519  2.98518  4.58477  3.61503
          0.01054  4.95328  5.67563  0.61958  0.77255  0.48576  0.95510
    143   2.86186  5.35028  2.82937  1.88780  4.68764  3.63779  3.56449  2.83095  1.90612  3.46566  4.39335  2.99494  4.03091  2.82292  2.05556  2.82814  2.87875  3.68291  5.78666  4.28417   1907 e - - -
          2.68618  4.42225  2.77519  2.73123  3.46354  2.40513  3.72494  3.29354  2.67741  2.69355  4.24690  2.90347  2.73739  3.18146  2.89801  2.37887  2.77519  2.98518  4.58477  3.61503
          0.01054  4.95328  5.67563  0.61958  0.77255  0.48576  0.95510
    144   3.71477  4.93794  5.76563  5.25345  2.42080  5.21196  5.71648  0.75297  5.15067  2.40242  3.80035  5.36440  5.42698  5.28739  5.22934  4.60705  3.96036  1.54348  5.99283  4.79964   1908 i - - -
          2.68618  4.42225  2.77519  2.73123  3.46354  2.40513  3.72494  3.29354  2.67741  2.69355  4.24690  2.90347  2.73739  3.18146  2.89801  2.37887  2.77519  2.98518  4.58477  3.61503
          0.14637  4.95328  2.04718  0.61958  0.77255  0.48576  0.95510
    145   2.80528  5.23323  2.50535  2.11958  4.42586  3.36508  2.15458  4.00846  2.49661  2.75077  3.68278  3.00501  3.86323  2.76885  2.98534  2.32394  3.00530  3.60596  4.87465  4.24006   1909 e - - -
          2.68622  4.42180  2.77522  2.73126  3.46345  2.40519  3.72479  3.29349  2.67744  2.69358  4.24654  2.90348  2.73743  3.18143  2.89802  2.37893  2.77522  2.98518  4.58421  3.61491
          0.19316  2.10346  2.92590  1.13951  0.38563  0.33902  1.24642
    146   2.43740  4.88964  2.98764  2.34815  4.64746  3.52879  3.55992  4.02147  2.11697  3.53320  4.35746  2.09031  3.99433  2.18481  2.97558  2.54210  2.44914  3.71228  5.69279  4.34445   1914 n - - -
          2.68631  4.42141  2.77461  2.73135  3.46343  2.40531  3.72470  3.29350  2.67754  2.69359  4.24625  2.90355  2.73739  3.18146  2.89809  2.37905  2.77531  2.98524  4.58373  3.61484
          0.19005  1.83287  4.33294  1.61790  0.22104  0.42235  1.06568
    147   2.74303  5.41174  2.22052  1.98115  4.75310  3.05071  3.84961  4.24084  2.52488  3.71578  4.45603  2.19586  2.62843  2.93122  3.07056  2.26029  2.94924  3.80091  5.84522  4.42905   1921 e - - -
          2.68636  4.42209  2.77522  2.73130  3.46365  2.40532  3.72470  3.29234  2.67753  2.69357  4.24654  2.90354  2.73733  3.18161  2.89819  2.37909  2.77473  2.98518  4.58453  3.61511
          0.26431  1.47490  5.66646  1.09807  0.40574  0.47088  0.97937
    148   2.82945  4.32022  3.92527  4.07597  1.36440  4.06108  4.36457  2.20063  3.90345  2.36047  3.42994  4.15153  4.14015  4.06904  3.98122  3.36434  3.14710  2.23172  4.90583  2.42968   1926 f - - -
          2.68618  4.42225  2.77519  2.73123  3.46354  2.40513  3.72494  3.29354  2.67741  2.69355  4.24690  2.90347  2.73739  3.18146  2.89801  2.37887  2.77519  2.98518  4.58477  3.61503
          0.01054  4.95328  5.67563  0.61958  0.77255  0.48576  0.95510
    149   2.26922  5.36780  2.23012  1.67262  4.70927  3.60971  3.69422  4.19336  2.56261  3.56757  4.40977  2.94070  2.94612  2.36311  3.02785  2.72715  3.01071  3.75657  5.33117  4.39243   1927 e - - -
          2.68618  4.42219  2.77520  2.73124  3.46353  2.40513  3.72492  3.29353  2.67741  2.69355  4.24685  2.90347  2.73740  3.18146  2.89801  2.37887  2.77520  2.98518  4.58469  3.61501
          0.17466  3.41312  2.06105  0.61895  0.77330  0.48576  0.95510
    150   2.05296  1.58461  3.98256  3.41307  3.23506  2.89175  3.98584  2.90699  3.20357  2.51122  3.48008  3.72491  4.23542  3.60449  3.61305  2.85893  3.02725  2.69462  5.03573  3.82640   1931 c - - -
          2.68618  4.42225  2.77519  2.73123  3.46354  2.40513  3.72494  3.29354  2.67741  2.69355  4.24690  2.90347  2.73739  3.18146  2.89801  2.37887  2.77519  2.98518  4.58477  3.61503
          0.01204  4.82102  5.54337  0.61958  0.77255  0.77350  0.61878
    151   3.72670  6.48089  0.43941  2.35978  5.75138  3.73141  4.43972  5.38089  3.67480  4.82155  5.77037  3.08705  4.44918  3.63775  4.41994  3.53465  4.06365  4.89030  6.94560  5.30582   1932 D - - -
          2.68618  4.42225  2.77519  2.73123  3.46354  2.40513  3.72494  3.29354  2.67741  2.69355  4.24690  2.90347  2.73739  3.18146  2.89801  2.37887  2.77519  2.98518  4.58477  3.61503
          0.01204  4.82102  5.54337  0.61958  0.77255  0.77350  0.61878
    152   2.46084  4.63484  3.65358  2.99897  3.92430  3.30882  4.11700  3.29246  3.08356  2.96163  3.86684  3.51317  3.96518  3.39685  3.42361  2.31171  1.46384  2.00917  5.33516  4.08816   1933 t - - -
          2.68614  4.42226  2.77521  2.73125  3.46355  2.40514  3.72496  3.29355  2.67742  2.69356  4.24691  2.90348  2.73741  3.18148  2.89795  2.37888  2.77521  2.98504  4.58478  3.61504
          0.03504  3.48944  5.54337  0.64470  0.74407  0.34047  1.24283
    153   2.88576  2.74964  4.19759  3.98178  1.43032  4.02221  3.81542  2.74662  3.82157  2.47090  2.42741  3.93222  3.83000  3.87845  3.92372  3.32100  3.09608  2.47836  4.91736  2.91386   1940 f - - -
          2.68618  4.42225  2.77519  2.73123  3.46354  2.40513  3.72494  3.29354  2.67741  2.69355  4.24690  2.90347  2.73739  3.18146  2.89801  2.37887  2.77519  2.98518  4.58477  3.61503
          0.01054  4.95328  5.67563  0.61958  0.77255  0.48576  0.95510
    154   3.53054  4.94735  5.54720  4.95326  0.99225  4.89258  5.14557  2.07766  4.77835  1.72452  2.18248  5.02873  5.10564  4.78092  4.76442  4.23220  3.86372  2.84726  5.39782  4.11285   1941 f - - -
          2.68618  4.42225  2.77519  2.73123  3.46354  2.40513  3.72494  3.29354  2.67741  2.69355  4.24690  2.90347  2.73739  3.18146  2.89801  2.37887  2.77519  2.98518  4.58477  3.61503
          0.01743  4.95328  4.58316  0.61958  0.77255  0.48576  0.95510
    155   3.19556  5.46086  3.11759  2.75595  5.25650  3.78195  4.55996  4.69500  3.27993  4.29087  5.17001  3.55123  0.53670  3.76748  3.79074  3.28857  3.72923  4.23102  6.46767  5.12833   1942 P - - -
          2.68623  4.42165  2.77523  2.73127  3.46342  2.40521  3.72474  3.29347  2.67746  2.69360  4.24642  2.90348  2.73744  3.18142  2.89802  2.37895  2.77523  2.98518  4.58403  3.61487
          0.25822  1.69758  3.11346  0.94747  0.49057  0.47460  0.97322
    156   2.14070  5.34621  2.33231  1.94365  4.68892  3.52155  3.55356  4.06093  2.14864  3.38539  4.38756  2.97591  2.98338  2.88544  2.80530  2.47680  3.07217  3.65498  5.78023  4.37061   1947 e - - -
          2.68618  4.42225  2.77519  2.73123  3.46354  2.40513  3.72494  3.29354  2.67741  2.69355  4.24690  2.90347  2.73739  3.18146  2.89801  2.37887  2.77519  2.98518  4.58477  3.61503
          0.01099  4.91172  5.63406  0.61958  0.77255  0.58974  0.80850
    157   2.30871  4.27121  4.08190  3.59519  2.28469  4.01007  4.33277  1.65291  3.85440  1.81177  3.33332  4.10540  4.37576  3.85002  3.93171  3.26134  2.90047  2.37932  4.53064  3.47844   1948 i - - -
          2.68618  4.42225  2.77519  2.73123  3.46354  2.40513  3.72494  3.29354  2.67741  2.69355  4.24690  2.90347  2.73739  3.18146  2.89801  2.37887  2.77519  2.98518  4.58477  3.61503
          0.01991  4.91172  4.39412  0.61958  0.77255  0.58974  0.80850
    158   2.73545  5.35193  2.11093  2.08284  4.68966  3.21124  3.81402  4.17207  2.47607  2.65674  4.39544  1.98044  3.65991  2.91375  2.78442  2.73478  3.05625  3.73880  5.78824  4.37902   1949 n - - -
          2.68618  4.42225  2.77519  2.73123  3.46354  2.40513  3.72494  3.29354  2.67741  2.69355  4.24690  2.90347  2.73739  3.18146  2.89801  2.37887  2.77519  2.98518  4.58477  3.61503
          0.03408  4.90290  3.64673  0.61958  0.77255  0.53288  0.88409
    159   2.75331  4.80470  3.33071  2.75437  2.50426  3.45880  3.96057  3.36904  2.65677  2.42799  3.85055  3.27760  3.39582  2.51788  3.16147  2.32061  2.78203  3.01089  2.80259  4.01252   1950 s - - -
          2.68618  4.42225  2.77519  2.73123  3.46354  2.40513  3.72494  3.29354  2.67741  2.69355  4.24690  2.90347  2.73739  3.18146  2.89801  2.37887  2.77519  2.98518  4.58477  3.61503
          0.01527  4.89969  4.86603  0.61958  0.77255  0.52783  0.89132
    160   2.66243  5.34287  2.21167  1.93120  4.67727  3.12062  3.81918  4.15663  2.53225  3.64399  4.38779  2.83026  4.02186  2.91998  2.84699  1.96589  3.00674  2.69059  5.78240  4.37621   1951 e - - -
          2.68618  4.42225  2.77519  2.73123  3.46354  2.40513  3.72494  3.29354  2.67741  2.69355  4.24690  2.90347  2.73739  3.18146  2.89801  2.37887  2.77519  2.98518  4.58477  3.61503
          0.02173  4.91798  4.25605  0.61958  0.77255  0.57502  0.82712
    161   2.37326  3.94038  2.53572  2.41595  4.10384  3.36481  3.68263  3.70068  2.07011  3.14617  2.85116  2.34216  4.03000  2.92504  3.04775  2.62281  2.91067  3.52162  5.15310  4.29802   1952 k - - -
          2.68624  4.42148  2.77524  2.73129  3.46339  2.40523  3.72468  3.29345  2.67747  2.69361  4.24629  2.90349  2.73745  3.18141  2.89803  2.37898  2.77524  2.98518  4.58382  3.61482
          0.24470  1.54426  5.62964  1.07722  0.41634  0.50048  0.93201
    162   3.33877  4.67938  5.06954  4.54851  1.45688  4.42186  3.99625  3.00936  4.34990  1.97129  3.70338  4.43522  4.34366  4.41350  4.35441  3.74290  3.56701  2.84549  1.84339  2.03451   1957 f - - -
          2.68618  4.42225  2.77519  2.73123  3.46354  2.40513  3.72494  3.29354  2.67741  2.69355  4.24690  2.90347  2.73739  3.18146  2.89801  2.37887  2.77519  2.98518  4.58477  3.61503
          0.01077  4.93202  5.65437  0.61958  0.77255  0.54084  0.87290
    163   2.85565  5.26271  3.05791  2.35379  4.56892  3.64508  3.71858  3.68345  1.93322  2.61791  4.24639  3.13013  4.03703  2.48917  1.98722  2.74482  2.92908  2.78140  5.71819  4.33501   1958 k - - -
          2.68618  4.42225  2.77519  2.73123  3.46354  2.40513  3.72494  3.29354  2.67741  2.69355  4.24690  2.90347  2.73739  3.18146  2.89801  2.37887  2.77519  2.98518  4.58477  3.61503
          0.01077  4.93202  5.65437  0.61958  0.77255  0.54084  0.87290
    164   2.71189  5.20875  3.17037  2.44193  4.49561  3.57785  3.84589  3.65505  1.62923  2.29145  3.93531  3.06658  3.43819  2.74568  2.41324  2.81772  3.03514  3.35624  5.67726  4.04285   1959 k - - -
          2.68618  4.42225  2.77519  2.73123  3.46354  2.40513  3.72494  3.29354  2.67741  2.69355  4.24690  2.90347  2.73739  3.18146  2.89801  2.37887  2.77519  2.98518  4.58477  3.61503
          0.01077  4.93202  5.65437  0.61958  0.77255  0.54084  0.87290
    165   2.50250  4.57898  3.74901  2.29340  3.61499  3.84481  4.09876  2.38262  2.43507  2.38537  3.68241  3.58473  4.22397  3.33471  3.19447  2.97295  2.94366  1.89680  3.54669  3.92811   1960 v - - -
          2.68780  4.40312  2.77640  2.73265  3.45990  2.40785  3.71841  3.29142  2.67907  2.69514  4.23179  2.90400  2.73878  3.18022  2.89857  2.38168  2.77640  2.98525  4.56125  3.60981
          0.30902  2.08334  1.95671  4.62148  0.00989  0.54084  0.87290
    166   2.54091  4.18910  2.92766  2.70561  3.22625  2.66633  3.77575  2.83006  2.82275  2.33953  3.73926  3.18354  3.03052  3.22984  2.91696  2.68331  2.91750  2.69798  4.47296  3.49288   2145 x - m -
          2.68618  4.42225  2.77519  2.73123  3.46354  2.40513  3.72494  3.29354  2.67741  2.69355  4.24690  2.90347  2.73739  3.18146  2.89801  2.37887  2.77519  2.98518  4.58477  3.61503
          0.01871  4.78220  4.58901  0.61958  0.77255  0.83581  0.56832
    167   2.54091  4.18910  2.92766  2.70561  3.22625  2.66633  3.77575  2.83006  2.82275  2.33953  3.73926  3.18354  3.03052  3.22984  2.91696  2.68331  2.91750  2.69798  4.47296  3.49288   2146 x - m -
          2.68618  4.42225  2.77519  2.73123  3.46354  2.40513  3.72494  3.29354  2.67741  2.69355  4.24690  2.90347  2.73739  3.18146  2.89801  2.37887  2.77519  2.98518  4.58477  3.61503
          0.02489  4.77608  4.12547  0.61958  0.77255  0.83569  0.56841
    168   2.54091  4.18910  2.92766  2.70561  3.22625  2.66633  3.77575  2.83006  2.82275  2.33953  3.73926  3.18354  3.03052  3.22984  2.91696  2.68331  2.91750  2.69798  4.47296  3.49288   2147 x - m -
          2.68618  4.42225  2.77519  2.73123  3.46354  2.40513  3.72494  3.29354  2.67741  2.69355  4.24690  2.90347  2.73739  3.18146  2.89801  2.37887  2.77519  2.98518  4.58477  3.61503
          0.01272  4.76667  5.48901  0.61958  0.77255  0.72711  0.66030
    169   2.54091  4.18910  2.92766  2.70561  3.22625  2.66633  3.77575  2.83006  2.82275  2.33953  3.73926  3.18354  3.03052  3.22984  2.91696  2.68331  2.91750  2.69798  4.47296  3.49288   2148 x - m -
          2.68654  4.41799  2.77546  2.73154  3.46273  2.40573  3.72350  3.29307  2.67777  2.69390  4.24354  2.90358  2.73770  3.18119  2.89813  2.37949  2.77546  2.98520  4.57952  3.61387
          1.07637  0.84962  1.46277  2.16656  0.12168  0.40313  1.10330
    170   2.67241  5.07603  2.97347  2.38711  3.83280  3.21912  3.19507  3.94016  2.15021  2.53002  4.19766  2.38731  3.66735  2.57716  2.67627  2.45330  2.96953  3.54682  5.46396  4.14550   2164 k - - -
          2.68618  4.42225  2.77519  2.73123  3.46354  2.40513  3.72494  3.29354  2.67741  2.69355  4.24690  2.90347  2.73739  3.18146  2.89801  2.37887  2.77519  2.98518  4.58477  3.61503
          0.05885  4.70062  3.03535  0.61958  0.77255  0.95376  0.48660
    171   2.26873  4.83070  2.69356  2.41247  3.91426  3.02212  3.82030  2.50040  2.60491  2.91925  3.91077  3.09720  3.24973  2.99979  2.95194  2.80000  2.90402  2.47297  4.90669  4.04748   2165 a - - -
          2.68618  4.42225  2.77519  2.73123  3.46354  2.40513  3.72494  3.29354  2.67741  2.69355  4.24690  2.90347  2.73739  3.18146  2.89801  2.37887  2.77519  2.98518  4.58477  3.61503
          0.02090  4.65599  4.49401  0.61958  0.77255  0.26794  1.44797
    172   2.29040  4.72241  3.49459  2.21315  2.70513  3.75196  4.02546  2.84824  2.70231  2.69526  3.53649  3.44578  2.45536  3.05822  3.26778  2.89764  2.83502  2.69884  3.98883  4.02368   2170 e - - -
          2.68618  4.42225  2.77519  2.73123  3.46354  2.40513  3.72494  3.29354  2.67741  2.69355  4.24690  2.90347  2.73739  3.18146  2.89801  2.37887  2.77519  2.98518  4.58477  3.61503
          0.01066  4.94239  5.66474  0.61958  0.77255  0.49126  0.94638
    173   2.79543  4.91921  2.77591  2.58407  4.29127  3.58185  3.79174  3.93834  2.44279  2.69835  4.26517  3.15277  3.96825  1.94872  2.93372  1.99075  2.86869  3.19398  5.67868  3.05915   2171 q - - -
          2.68630  4.42237  2.77526  2.73135  3.46366  2.40525  3.72497  3.29345  2.67747  2.69348  4.24676  2.90359  2.73752  3.18145  2.89813  2.37868  2.77457  2.98516  4.58489  3.61515
          0.39296  1.13479  5.66923  0.09175  2.43419  0.47770  0.96813
    174   2.72513  5.14591  3.06846  1.65157  4.40928  3.67245  3.63859  2.77917  2.59326  3.12932  4.20910  2.60243  3.95242  3.00327  2.98803  2.63854  2.98051  2.90549  5.63084  2.86112   2173 e - - -
          2.68618  4.42225  2.77519  2.73123  3.46354  2.40513  3.72494  3.29354  2.67741  2.69355  4.24690  2.90347  2.73739  3.18146  2.89801  2.37887  2.77519  2.98518  4.58477  3.61503
          0.01261  4.95178  5.21075  0.61958  0.77255  0.48576  0.95510
    175   2.88492  4.37034  3.00647  1.24208  4.71838  2.64697  3.85148  4.19655  2.08788  3.68252  4.42965  3.09377  4.05457  2.77381  3.00544  2.81971  3.12922  3.76905  5.81944  4.41490   2174 e - - -
          2.68630  4.42084  2.77528  2.73133  3.46327  2.40532  3.72447  3.29338  2.67753  2.69366  4.24579  2.90350  2.73750  3.18137  2.89805  2.37907  2.77528  2.98519  4.58303  3.61465
          0.14692  2.01590  5.67210  1.98728  0.14742  0.49119  0.94649
    176   2.82110  5.37672  2.83919  2.22670  4.71866  2.86250  3.65322  4.20350  1.94662  3.38426  4.41900  1.80960  3.90986  2.92694  3.01572  2.26196  3.10186  3.76583  5.81051  4.39956   2184 n - - -
          2.68618  4.42225  2.77519  2.73123  3.46354  2.40513  3.72494  3.29354  2.67741  2.69355  4.24690  2.90347  2.73739  3.18146  2.89801  2.37887  2.77519  2.98518  4.58477  3.61503
          0.01058  4.94975  5.67210  0.61958  0.77255  0.49119  0.94649
    177   2.81446  5.29541  2.62759  2.19417  3.98203  1.72514  3.84019  4.07211  2.51554  2.61618  4.34539  2.73183  3.79180  2.94862  3.01544  2.67107  3.00870  3.66856  5.74804  4.35651   2185 g - - -
          2.68618  4.42225  2.77519  2.73123  3.46354  2.40513  3.72494  3.29354  2.67741  2.69355  4.24690  2.90347  2.73739  3.18146  2.89801  2.37887  2.77519  2.98518  4.58477  3.61503
          0.01058  4.94975  5.67210  0.61958  0.77255  0.49119  0.94649
    178   2.86625  4.16594  4.80380  3.99600  2.13415  4.05676  4.22948  1.82284  3.98931  2.22901  3.38992  4.20197  4.34561  4.13052  3.95582  3.36622  2.90241  1.47107  4.89630  3.22791   2186 v - - -
          2.68618  4.42225  2.77519  2.73123  3.46354  2.40513  3.72494  3.29354  2.67741  2.69355  4.24690  2.90347  2.73739  3.18146  2.89801  2.37887  2.77519  2.98518  4.58477  3.61503
          0.02299  4.83882  4.21248  0.61958  0.77255  0.48239  0.96052
    179   2.76168  5.31401  2.70096  2.11317  4.65684  3.47197  3.77080  4.14097  1.80159  3.61817  4.01256  3.00339  3.62657  2.17195  2.45934  2.61048  2.87520  3.70346  4.68272  4.20103   2272 k - - -
          2.68618  4.42225  2.77519  2.73123  3.46354  2.40513  3.72494  3.29354  2.67741  2.69355  4.24690  2.90347  2.73739  3.18146  2.89801  2.37887  2.77519  2.98518  4.58477  3.61503
          0.01193  4.83008  5.55243  0.61958  0.77255  0.46985  0.98108
    180   2.82135  3.87778  4.74883  4.13864  1.79614  4.00393  4.13741  2.16484  3.93536  2.37694  2.54367  4.07546  4.36753  4.07523  3.96208  3.31314  2.96865  2.37011  4.47148  2.03293   2273 f - - -
          2.68618  4.42225  2.77519  2.73123  3.46354  2.40513  3.72494  3.29354  2.67741  2.69355  4.24690  2.90347  2.73739  3.18146  2.89801  2.37887  2.77519  2.98518  4.58477  3.61503
          0.01180  4.84108  5.56343  0.61958  0.77255  0.48576  0.95510
    181   2.77784  4.95423  2.93632  2.12256  4.40572  3.59753  3.78746  3.61430  2.27410  3.52340  4.30663  3.04033  3.99035  2.62222  2.63443  2.17816  1.95338  3.22866  5.70766  4.25135   2274 t - - -
          2.68618  4.42225  2.77519  2.73123  3.46354  2.40513  3.72494  3.29354  2.67741  2.69355  4.24690  2.90347  2.73739  3.18146  2.89801  2.37887  2.77519  2.98518  4.58477  3.61503
          0.01180  4.84108  5.56343  0.61958  0.77255  0.48576  0.95510
    182   2.99407  4.37032  4.81240  4.22989  1.09921  4.13154  3.80703  2.42991  4.03647  2.45698  2.94417  4.22310  4.48759  4.16018  4.07047  3.44268  3.22483  2.36971  4.00501  2.86315   2275 f - - -
          2.68618  4.42225  2.77519  2.73123  3.46354  2.40513  3.72494  3.29354  2.67741  2.69355  4.24690  2.90347  2.73739  3.18146  2.89801  2.37887  2.77519  2.98518  4.58477  3.61503
          0.01180  4.84108  5.56343  0.61958  0.77255  0.48576  0.95510
    183   2.67235  4.23696  3.14531  1.61795  4.23539  3.57412  3.56616  3.85649  2.48815  3.16703  4.20014  3.01811  4.01174  2.17379  3.06309  2.73664  2.82916  2.66248  5.61692  4.00355   2276 e - - -
          2.68618  4.42225  2.77519  2.73123  3.46354  2.40513  3.72494  3.29354  2.67741  2.69355  4.24690  2.90347  2.73739  3.18146  2.89801  2.37887  2.77519  2.98518  4.58477  3.61503
          0.01180  4.84108  5.56343  0.61958  0.77255  0.48576  0.95510
    184   2.82705  4.37297  3.90538  3.45668  3.48489  3.34044  4.07672  2.64232  3.06634  1.97856  3.06602  3.78190  4.26261  3.55582  3.48132  2.97498  1.94997  1.85860  4.97651  3.25646   2277 v - - -
          2.68618  4.42225  2.77519  2.73123  3.46354  2.40513  3.72494  3.29354  2.67741  2.69355  4.24690  2.90347  2.73739  3.18146  2.89801  2.37887  2.77519  2.98518  4.58477  3.61503
          0.01295  4.84108  5.30396  0.61958  0.77255  0.48576  0.95510
    185   3.26423  4.67403  4.69606  4.16642  2.77649  4.30482  4.13566  3.14267  4.01600  2.47982  3.53036  4.22171  4.65615  4.16544  3.92304  2.93221  3.49284  2.93566  2.74035  0.91383   2278 y - - -
          2.68918  4.39995  2.77760  2.73259  3.46011  2.40897  3.71799  3.29076  2.67848  2.69569  4.22949  2.90349  2.73801  3.17879  2.89971  2.38136  2.77551  2.98617  4.55714  3.60967
          0.22372  1.70478  3.98179  4.90363  0.00745  0.48849  0.95075
    186   2.79472  4.34834  2.98946  1.74023  4.52442  2.82205  3.68495  3.91222  2.05205  3.42013  4.26522  3.06545  3.97518  2.74342  2.78208  2.77517  2.87405  2.50412  5.66915  4.28145   2465 e - - -
          2.68618  4.42225  2.77519  2.73123  3.46354  2.40513  3.72494  3.29354  2.67741  2.69355  4.24690  2.90347  2.73739  3.18146  2.89801  2.37887  2.77519  2.98518  4.58477  3.61503
          0.01873  4.78590  4.58492  0.61958  0.77255  0.46713  0.98563
    187   2.91593  5.31385  3.22130  2.51610  4.65676  3.68078  3.31122  4.10053  1.58865  3.34841  4.36469  3.02284  4.06406  2.92542  1.61485  2.86616  3.01863  3.40769  5.72396  3.91828   2466 k - - -
          2.68618  4.42225  2.77519  2.73123  3.46354  2.40513  3.72494  3.29354  2.67741  2.69355  4.24690  2.90347  2.73739  3.18146  2.89801  2.37887  2.77519  2.98518  4.58477  3.61503
          0.01930  4.79534  4.52378  0.61958  0.77255  0.47986  0.96462
    188   2.80045  4.71707  3.07875  2.52176  4.55705  3.50045  3.54154  3.97963  1.98000  3.40586  4.28767  2.24547  3.91246  2.17466  2.59683  2.60208  2.82697  2.71393  5.68785  4.29635   2467 k - - -
          2.68618  4.42225  2.77519  2.73123  3.46354  2.40513  3.72494  3.29354  2.67741  2.69355  4.24690  2.90347  2.73739  3.18146  2.89801  2.37887  2.77519  2.98518  4.58477  3.61503
          0.18809  4.79460  1.81286  0.61958  0.77255  0.50403  0.92657
    189   2.54091  4.18910  2.92766  2.70561  3.22625  2.66633  3.77575  2.83006  2.82275  2.33953  3.73926  3.18354  3.03052  3.22984  2.91696  2.68331  2.91750  2.69798  4.47296  3.49288   2468 x - m -
          2.68618  4.42225  2.77519  2.73123  3.46354  2.40513  3.72494  3.29354  2.67741  2.69355  4.24690  2.90347  2.73739  3.18146  2.89801  2.37887  2.77519  2.98518  4.58477  3.61503
          0.15810  4.61937  1.99231  0.61958  0.77255  0.81068  0.58799
    190   2.54091  4.18910  2.92766  2.70561  3.22625  2.66633  3.77575  2.83006  2.82275  2.33953  3.73926  3.18354  3.03052  3.22984  2.91696  2.68331  2.91750  2.69798  4.47296  3.49288   2469 x - m -
          2.68618  4.42225  2.77519  2.73123  3.46354  2.40513  3.72494  3.29354  2.67741  2.69355  4.24690  2.90347  2.73739  3.18146  2.89801  2.37887  2.77519  2.98518  4.58477  3.61503
          0.06268  4.45022  3.01426  0.61958  0.77255  0.97894  0.47114
    191   2.54091  4.18910  2.92766  2.70561  3.22625  2.66633  3.77575  2.83006  2.82275  2.33953  3.73926  3.18354  3.03052  3.22984  2.91696  2.68331  2.91750  2.69798  4.47296  3.49288   2470 x - m -
          2.68618  4.42225  2.77519  2.73123  3.46354  2.40513  3.72494  3.29354  2.67741  2.69355  4.24690  2.90347  2.73739  3.18146  2.89801  2.37887  2.77519  2.98518  4.58477  3.61503
          0.07061  4.40584  2.88291  0.61958  0.77255  1.02117  0.44656
    192   2.54091  4.18910  2.92766  2.70561  3.22625  2.66633  3.77575  2.83006  2.82275  2.33953  3.73926  3.18354  3.03052  3.22984  2.91696  2.68331  2.91750  2.69798  4.47296  3.49288   2471 x - m -
          2.68618  4.42225  2.77519  2.73123  3.46354  2.40513  3.72494  3.29354  2.67741  2.69355  4.24690  2.90347  2.73739  3.18146  2.89801  2.37887  2.77519  2.98518  4.58477  3.61503
          0.03365  4.35450  3.90019  0.61958  0.77255  0.99128  0.46378
    193   2.53170  3.97323  3.00370  2.52633  3.47878  3.26361  3.42632  3.01383  2.51085  2.72981  3.40755  2.94358  3.54210  2.80232  2.88301  2.62085  2.73341  2.78764  4.21261  3.52426   2472 x - m -
          2.68993  4.37864  2.77799  2.73451  3.45517  2.41143  3.70994  3.28866  2.68125  2.69723  4.21236  2.90471  2.74061  3.17859  2.89932  2.38537  2.77799  2.98533  4.53130  3.60302
          0.87930  0.53627        *  4.62122  0.00989  0.00000        *
//
