HMMER3/f [3.1b2 | February 2015]
NAME  PTHR11109.orig.30.pir
LENG  204
ALPH  amino
RF    no
MM    yes
CONS  yes
CS    no
MAP   yes
DATE  Wed Oct 10 16:50:06 2018
NSEQ  142
EFFN  1.885071
CKSUM 1143002504
STATS LOCAL MSV      -10.4609  0.70510
STATS LOCAL VITERBI  -11.1675  0.70510
STATS LOCAL FORWARD   -5.2694  0.70510
HMM          A        C        D        E        F        G        H        I        K        L        M        N        P        Q        R        S        T        V        W        Y   
            m->m     m->i     m->d     i->m     i->i     d->m     d->d
  COMPO   2.57014  4.18544  2.97286  2.63503  3.46534  2.74480  3.65767  2.93276  2.65630  2.53113  3.66583  3.08982  3.22572  3.05341  2.84422  2.56135  2.79736  2.61802  4.92839  3.63101
          2.68618  4.42219  2.77520  2.73123  3.46353  2.40513  3.72492  3.29353  2.67741  2.69355  4.24685  2.90347  2.73740  3.18146  2.89801  2.37887  2.77520  2.98518  4.58470  3.61501
          0.03433  3.98702  4.18722  0.96791  0.47783  0.00000        *
      1   3.23522  4.81350  4.59922  4.17409  3.47948  4.23802  4.77150  2.69854  3.84909  2.04337  0.77440  4.36516  4.68918  4.23075  4.01126  3.66610  3.60082  2.72343  5.34698  4.11460      9 m - - -
          2.68799  4.40010  2.77673  2.73274  3.45932  2.40813  3.71754  3.29137  2.67911  2.69537  4.22985  2.90433  2.73874  3.18013  2.89881  2.38200  2.77694  2.98539  4.55630  3.60914
          0.83793  1.17385  1.35394  4.38279  0.01257  0.50443  0.92596
      2   2.49698  4.82190  2.94403  2.41157  3.82454  2.33372  3.36573  3.48491  2.45631  2.98563  3.90067  2.94463  3.78914  2.79688  2.89520  2.38378  2.65009  3.01141  5.32097  3.99739    261 g - - -
          2.68618  4.42225  2.77519  2.73123  3.46354  2.40513  3.72494  3.29354  2.67741  2.69355  4.24690  2.90347  2.73739  3.18146  2.89801  2.37887  2.77519  2.98518  4.58477  3.61503
          0.02645  4.27530  4.40697  0.61958  0.77255  0.87913  0.53639
      3   2.15891  4.24626  3.01956  2.40599  3.88863  3.48373  3.34701  3.33857  2.38191  2.96126  3.67327  3.02232  3.66425  2.82760  2.87800  2.58378  2.46324  2.99262  4.00674  3.85563    262 a - - -
          2.68618  4.42225  2.77519  2.73123  3.46354  2.40513  3.72494  3.29354  2.67741  2.69355  4.24690  2.90347  2.73739  3.18146  2.89801  2.37887  2.77519  2.98518  4.58477  3.61503
          0.02099  4.26985  4.99219  0.61958  0.77255  0.81738  0.58266
      4   2.61493  4.94246  2.77527  2.21483  3.77639  3.20592  3.37603  3.64570  2.28425  2.40006  4.00438  2.94964  3.64323  2.73344  2.58721  2.64880  2.77308  3.23952  5.42364  4.01056    263 e - - -
          2.68618  4.42225  2.77519  2.73123  3.46354  2.40513  3.72494  3.29354  2.67741  2.69355  4.24690  2.90347  2.73739  3.18146  2.89801  2.37887  2.77519  2.98518  4.58477  3.61503
          0.02035  4.30063  5.02297  0.61958  0.77255  0.71012  0.67646
      5   2.42846  4.90406  2.46840  2.08932  4.25946  3.14330  3.56475  3.67958  2.32921  2.90207  4.00644  2.85472  3.76318  2.69983  2.85952  2.51567  2.71892  3.33043  4.63700  4.06758    264 e - - -
          2.68632  4.42062  2.77530  2.73135  3.46323  2.40536  3.72439  3.29336  2.67755  2.69368  4.24561  2.90351  2.73751  3.18136  2.89805  2.37910  2.77530  2.98519  4.58276  3.61459
          0.28655  1.41474  5.08928  2.11023  0.12921  0.77450  0.61791
      6   2.63099  5.03129  2.84943  1.95184  4.38890  3.32309  3.46308  3.87335  2.17597  3.36427  4.12593  2.66703  3.49456  2.73207  2.44451  2.60481  2.81372  2.98026  5.43752  4.13143    291 e - - -
          2.68618  4.42225  2.77519  2.73123  3.46354  2.40513  3.72494  3.29354  2.67741  2.69355  4.24690  2.90347  2.73739  3.18146  2.89801  2.37887  2.77519  2.98518  4.58477  3.61503
          0.05552  4.37188  3.18493  0.61958  0.77255  0.77024  0.62158
      7   2.62757  4.94700  2.56891  2.27924  4.21337  3.46267  3.50321  3.28836  2.26027  2.37174  4.00955  2.94878  3.61038  2.75996  2.66411  2.59632  2.83732  3.09291  5.42949  4.07258    292 k - - -
          2.68618  4.42225  2.77519  2.73123  3.46354  2.40513  3.72494  3.29354  2.67741  2.69355  4.24690  2.90347  2.73739  3.18146  2.89801  2.37887  2.77519  2.98518  4.58477  3.61503
          0.01955  4.34057  5.06292  0.61958  0.77255  0.73236  0.65542
      8   2.46606  5.11413  2.65215  1.92693  4.20831  3.40268  3.38526  3.60818  2.34353  3.32640  4.16140  2.77559  3.11998  2.59687  2.84799  2.48762  2.77534  3.42298  5.56155  4.16549    293 e - - -
          2.68618  4.42225  2.77519  2.73123  3.46354  2.40513  3.72494  3.29354  2.67741  2.69355  4.24690  2.90347  2.73739  3.18146  2.89801  2.37887  2.77519  2.98518  4.58477  3.61503
          0.01885  4.37625  5.09859  0.61958  0.77255  0.77608  0.61657
      9   2.48441  5.10090  2.82492  2.27865  4.41728  2.98088  3.24409  3.70604  2.29398  3.26413  4.03787  2.50609  3.52800  2.70331  2.62548  2.46342  2.56734  3.41178  5.55110  4.09905    294 e - - -
          2.68618  4.42225  2.77519  2.73123  3.46354  2.40513  3.72494  3.29354  2.67741  2.69355  4.24690  2.90347  2.73739  3.18146  2.89801  2.37887  2.77519  2.98518  4.58477  3.61503
          0.01885  4.37625  5.09859  0.61958  0.77255  0.73287  0.65495
     10   2.50196  4.22826  2.96618  2.38834  4.23171  2.79100  3.47197  3.66603  2.35503  3.06286  4.02686  2.62949  3.75497  2.80508  2.80402  2.46631  2.22371  3.28435  5.44690  4.08892    295 t - - -
          2.68618  4.42225  2.77519  2.73123  3.46354  2.40513  3.72494  3.29354  2.67741  2.69355  4.24690  2.90347  2.73739  3.18146  2.89801  2.37887  2.77519  2.98518  4.58477  3.61503
          0.02653  4.39407  4.28116  0.61958  0.77255  0.75555  0.63441
     11   2.57244  3.86194  3.14636  2.26884  3.91038  3.34541  3.72073  3.22340  2.42471  2.74855  3.63285  3.07491  3.02602  2.86754  3.01581  2.45530  2.76694  2.51845  5.24153  3.78144    296 e - - -
          2.68618  4.42225  2.77519  2.73123  3.46354  2.40513  3.72494  3.29354  2.67741  2.69355  4.24690  2.90347  2.73739  3.18146  2.89801  2.37887  2.77519  2.98518  4.58477  3.61503
          0.01867  4.38621  5.10855  0.61958  0.77255  0.76470  0.62637
     12   2.44677  4.97335  2.92568  1.93168  4.37677  3.11873  3.60779  3.81131  2.25075  3.14713  3.95283  2.80861  3.46275  2.73880  2.84650  2.37727  2.60268  3.39750  5.53006  4.14525    297 e - - -
          2.68618  4.42225  2.77519  2.73123  3.46354  2.40513  3.72494  3.29354  2.67741  2.69355  4.24690  2.90347  2.73739  3.18146  2.89801  2.37887  2.77519  2.98518  4.58477  3.61503
          0.01867  4.38621  5.10855  0.61958  0.77255  0.53511  0.88093
     13   2.63349  3.92028  2.55346  2.18719  4.22573  3.45038  3.30855  3.49041  2.37636  2.95650  3.94158  2.64065  3.21807  2.57694  2.82066  2.60096  2.78599  3.35268  5.28607  4.03198    298 e - - -
          2.68649  4.41785  2.77515  2.73048  3.46327  2.40572  3.72434  3.29330  2.67755  2.69396  4.24521  2.90391  2.73717  3.18146  2.89777  2.37932  2.77554  2.98559  4.58201  3.61481
          0.60608  0.80637  4.82372  2.42921  0.09223  0.55883  0.84834
     14   2.40508  5.15046  2.46701  2.21779  4.49322  3.12890  3.66364  3.86444  2.23026  3.41611  4.21100  2.66026  3.16952  2.74101  2.77722  2.34262  2.88642  3.11641  5.57809  4.20615    324 e - - -
          2.68618  4.42225  2.77519  2.73123  3.46354  2.40513  3.72494  3.29354  2.67741  2.69355  4.24690  2.90347  2.73739  3.18146  2.89801  2.37887  2.77519  2.98518  4.58477  3.61503
          0.01868  4.51183  4.88947  0.61958  0.77255  0.56030  0.84639
     15   2.47375  5.18244  2.88651  1.86157  4.42607  3.39575  3.59308  3.98865  2.04787  3.48125  3.82836  2.85273  3.76628  2.63438  2.82362  2.18177  2.93857  3.51209  5.62355  4.22182    325 e - - -
          2.68618  4.42225  2.77519  2.73123  3.46354  2.40513  3.72494  3.29354  2.67741  2.69355  4.24690  2.90347  2.73739  3.18146  2.89801  2.37887  2.77519  2.98518  4.58477  3.61503
          0.01626  4.52279  5.24513  0.61958  0.77255  0.57008  0.83351
     16   2.32758  5.12614  2.33959  2.12226  4.22704  3.26098  3.68474  3.71823  2.23072  3.11191  3.98009  2.92547  3.77684  2.79398  2.88340  2.55223  2.51323  3.32487  5.58088  4.19257    326 e - - -
          2.68618  4.42225  2.77519  2.73123  3.46354  2.40513  3.72494  3.29354  2.67741  2.69355  4.24690  2.90347  2.73739  3.18146  2.89801  2.37887  2.77519  2.98518  4.58477  3.61503
          0.10309  4.52614  2.44034  0.61958  0.77255  0.55379  0.85512
     17   2.50406  4.02512  2.72127  2.36926  4.43067  3.28798  3.40868  3.83171  2.17731  3.17187  4.06405  2.39704  3.61394  2.73473  2.54795  2.33448  2.89140  3.44266  5.56764  4.17613    327 k - - -
          2.68618  4.42225  2.77519  2.73123  3.46354  2.40513  3.72494  3.29354  2.67741  2.69355  4.24690  2.90347  2.73739  3.18146  2.89801  2.37887  2.77519  2.98518  4.58477  3.61503
          0.01753  4.44856  5.17091  0.61958  0.77255  0.67814  0.70838
     18   2.30091  4.63139  3.24262  2.53281  3.75175  3.26799  3.74953  3.06998  2.39557  2.28983  3.38623  3.17568  3.90966  2.84045  3.01772  2.75373  2.67592  2.45008  5.17896  3.89891    328 l - - -
          2.68618  4.42225  2.77519  2.73123  3.46354  2.40513  3.72494  3.29354  2.67741  2.69355  4.24690  2.90347  2.73739  3.18146  2.89801  2.37887  2.77519  2.98518  4.58477  3.61503
          0.01746  4.45212  5.17446  0.61958  0.77255  0.47882  0.96631
     19   2.19945  5.17227  2.64429  2.19361  4.38837  3.33821  3.62780  3.65503  2.21210  3.26040  4.21799  2.90389  3.08973  2.67433  2.57910  2.47190  2.88353  3.37815  5.61643  4.21725    329 e - - -
          2.68618  4.42225  2.77519  2.73123  3.46354  2.40513  3.72494  3.29354  2.67741  2.69355  4.24690  2.90347  2.73739  3.18146  2.89801  2.37887  2.77519  2.98518  4.58477  3.61503
          0.01608  4.53404  5.25639  0.61958  0.77255  0.54978  0.86057
     20   2.06904  5.16554  2.75430  2.31972  4.48808  3.25913  3.68273  3.95786  2.13289  3.11886  4.21263  2.87242  3.81884  2.72617  2.34977  2.43258  2.87600  3.42242  5.61174  4.21561    330 a - - -
          2.68618  4.42225  2.77519  2.73123  3.46354  2.40513  3.72494  3.29354  2.67741  2.69355  4.24690  2.90347  2.73739  3.18146  2.89801  2.37887  2.77519  2.98518  4.58477  3.61503
          0.01601  4.53809  5.26044  0.61958  0.77255  0.54855  0.86225
     21   2.95398  4.44235  4.92271  4.33987  3.39891  4.34277  4.70363  1.37533  4.18418  1.62170  2.12624  4.44664  4.31286  4.32443  4.25928  3.66878  3.29468  1.99032  5.16034  4.01714    331 i - - -
          2.68618  4.42225  2.77519  2.73123  3.46354  2.40513  3.72494  3.29354  2.67741  2.69355  4.24690  2.90347  2.73739  3.18146  2.89801  2.37887  2.77519  2.98518  4.58477  3.61503
          0.01598  4.54023  5.26257  0.61958  0.77255  0.52218  0.89949
     22   2.27366  5.05138  2.99640  1.63313  4.44071  3.50310  3.69759  3.90059  2.38100  3.42222  3.72895  2.78987  3.63111  2.65941  2.92376  2.50096  2.71619  3.47714  5.58913  4.20254    332 e - - -
          2.68618  4.42225  2.77519  2.73123  3.46354  2.40513  3.72494  3.29354  2.67741  2.69355  4.24690  2.90347  2.73739  3.18146  2.89801  2.37887  2.77519  2.98518  4.58477  3.61503
          0.01582  4.55033  5.27268  0.61958  0.77255  0.53407  0.88241
     23   2.53770  5.02059  2.27345  2.25991  4.55777  2.99129  3.61533  4.04117  2.23943  3.49119  4.25834  2.67804  3.43402  2.44733  2.65746  2.40543  2.88850  3.60514  5.65139  4.10286    333 k - - -
          2.68618  4.42225  2.77519  2.73123  3.46354  2.40513  3.72494  3.29354  2.67741  2.69355  4.24690  2.90347  2.73739  3.18146  2.89801  2.37887  2.77519  2.98518  4.58477  3.61503
          0.03577  4.55033  3.70606  0.61958  0.77255  0.53407  0.88241
     24   1.38404  3.77277  3.54505  3.00407  3.54995  3.51621  3.46090  2.74585  2.95513  2.64372  3.53286  3.41005  4.05557  3.26404  3.19167  2.72665  2.93949  2.73557  5.04350  3.80619    334 a - - -
          2.68618  4.42225  2.77519  2.73123  3.46354  2.40513  3.72494  3.29354  2.67741  2.69355  4.24690  2.90347  2.73739  3.18146  2.89801  2.37887  2.77519  2.98518  4.58477  3.61503
          0.01613  4.53070  5.25304  0.61958  0.77255  0.56685  0.83774
     25   2.90667  4.20656  4.71444  4.12489  3.18031  4.10908  4.44830  1.99959  3.96046  2.16149  3.04780  4.20907  4.44985  4.12277  4.03864  3.42377  3.11095  1.18215  4.96187  2.69663    335 v - - -
          2.68618  4.42225  2.77519  2.73123  3.46354  2.40513  3.72494  3.29354  2.67741  2.69355  4.24690  2.90347  2.73739  3.18146  2.89801  2.37887  2.77519  2.98518  4.58477  3.61503
          0.01603  4.53696  5.25930  0.61958  0.77255  0.56685  0.83774
     26   2.77723  5.18442  3.06632  2.45644  4.34206  3.51078  3.58896  3.93326  1.93629  3.46801  4.23587  2.78241  3.83184  2.79797  1.67523  2.49306  2.84956  3.56870  5.61201  4.15098    336 r - - -
          2.68618  4.42225  2.77519  2.73123  3.46354  2.40513  3.72494  3.29354  2.67741  2.69355  4.24690  2.90347  2.73739  3.18146  2.89801  2.37887  2.77519  2.98518  4.58477  3.61503
          0.01603  4.53696  5.25930  0.61958  0.77255  0.56685  0.83774
     27   2.53974  4.70315  3.19602  2.34499  3.89186  3.36721  3.81239  3.19885  2.68220  2.76166  3.63774  2.91130  3.97764  2.96067  3.11415  2.61905  2.32598  2.00064  5.24486  3.95556    337 v - - -
          2.68618  4.42225  2.77519  2.73123  3.46354  2.40513  3.72494  3.29354  2.67741  2.69355  4.24690  2.90347  2.73739  3.18146  2.89801  2.37887  2.77519  2.98518  4.58477  3.61503
          0.01603  4.53696  5.25930  0.61958  0.77255  0.56685  0.83774
     28   2.94300  4.33074  4.67556  4.08004  3.18394  4.11777  4.43918  1.79031  3.32883  1.22877  2.88703  4.19655  4.44525  4.07092  4.00550  3.42695  3.17243  2.12087  4.77592  3.79610    338 l - - -
          2.68618  4.42225  2.77519  2.73123  3.46354  2.40513  3.72494  3.29354  2.67741  2.69355  4.24690  2.90347  2.73739  3.18146  2.89801  2.37887  2.77519  2.98518  4.58477  3.61503
          0.01603  4.53696  5.25930  0.61958  0.77255  0.56685  0.83774
     29   2.87396  4.32329  4.36999  3.78679  3.17010  3.99377  4.10155  2.17934  3.64106  1.06923  3.10325  3.38696  4.34130  3.85669  3.80345  3.28995  3.10477  2.45699  4.89304  3.69237    339 l - - -
          2.68618  4.42225  2.77519  2.73123  3.46354  2.40513  3.72494  3.29354  2.67741  2.69355  4.24690  2.90347  2.73739  3.18146  2.89801  2.37887  2.77519  2.98518  4.58477  3.61503
          0.01603  4.53696  5.25930  0.61958  0.77255  0.56685  0.83774
     30   2.58365  5.18247  2.89033  1.98287  4.51231  3.42150  3.08392  3.75952  2.26970  3.27256  4.10971  2.91290  3.88219  2.14728  2.61644  2.58580  2.76015  3.41878  5.62409  4.16617    340 e - - -
          2.68618  4.42225  2.77519  2.73123  3.46354  2.40513  3.72494  3.29354  2.67741  2.69355  4.24690  2.90347  2.73739  3.18146  2.89801  2.37887  2.77519  2.98518  4.58477  3.61503
          0.01603  4.53696  5.25930  0.61958  0.77255  0.56685  0.83774
     31   2.40928  3.19530  3.38778  2.75700  3.67330  2.03386  3.80375  2.81665  2.85327  2.57243  3.61916  3.29013  4.03122  3.15832  3.18699  2.45778  2.91119  2.80342  4.89919  3.65393    341 g - - -
          2.68618  4.42225  2.77519  2.73123  3.46354  2.40513  3.72494  3.29354  2.67741  2.69355  4.24690  2.90347  2.73739  3.18146  2.89801  2.37887  2.77519  2.98518  4.58477  3.61503
          0.01603  4.53696  5.25930  0.61958  0.77255  0.56685  0.83774
     32   2.75359  4.21503  4.36769  3.77670  3.27462  3.90809  3.73390  2.10803  3.62853  1.26783  3.06988  3.93746  4.26776  3.83067  3.76714  2.90564  3.00998  2.18918  4.83410  3.65166    342 l - - -
          2.68618  4.42222  2.77520  2.73123  3.46353  2.40513  3.72493  3.29353  2.67741  2.69355  4.24687  2.90347  2.73740  3.18146  2.89801  2.37887  2.77520  2.98518  4.58473  3.61502
          0.06333  2.99716  4.47078  0.41740  1.07517  0.51156  0.91519
     33   2.72654  4.77638  3.18863  3.06431  4.75325  0.75791  3.86558  4.29300  3.35865  3.91025  4.74319  3.26374  4.09129  3.64595  3.73273  2.49089  3.21064  3.74423  6.06032  4.74920    344 g - - -
          2.68618  4.42225  2.77519  2.73123  3.46354  2.40513  3.72494  3.29354  2.67741  2.69355  4.24690  2.90347  2.73739  3.18146  2.89801  2.37887  2.77519  2.98518  4.58477  3.61503
          0.01582  4.55033  5.27268  0.61958  0.77255  0.54456  0.86773
     34   3.12756  5.68156  2.30551  0.86275  4.97184  3.51777  3.97749  4.48268  2.91043  3.54224  4.79321  2.65689  4.09168  3.12663  3.46692  3.03136  3.39834  4.05555  6.12697  4.64633    345 e - - -
          2.68618  4.42225  2.77519  2.73123  3.46354  2.40513  3.72494  3.29354  2.67741  2.69355  4.24690  2.90347  2.73739  3.18146  2.89801  2.37887  2.77519  2.98518  4.58477  3.61503
          0.01582  4.55033  5.27268  0.61958  0.77255  0.50665  0.92258
     35   2.95009  4.24256  1.01529  2.39781  4.68396  3.51165  3.92547  4.14156  2.80238  3.69735  4.50563  2.62522  4.03886  3.07207  3.31888  2.91613  3.22270  3.57348  5.88386  4.46856    346 d - - -
          2.68618  4.42225  2.77519  2.73123  3.46354  2.40513  3.72494  3.29354  2.67741  2.69355  4.24690  2.90347  2.73739  3.18146  2.89801  2.37887  2.77519  2.98518  4.58477  3.61503
          0.01561  4.56346  5.28581  0.61958  0.77255  0.50406  0.92653
     36   2.64753  4.42867  3.28755  2.96645  3.38821  3.70229  3.65711  2.40139  2.95993  2.27579  3.53251  3.44624  2.03023  3.29799  3.34702  2.94865  2.84475  2.35954  5.01276  3.78032    347 p - - -
          2.68618  4.42225  2.77519  2.73123  3.46354  2.40513  3.72494  3.29354  2.67741  2.69355  4.24690  2.90347  2.73739  3.18146  2.89801  2.37887  2.77519  2.98518  4.58477  3.61503
          0.01552  4.56952  5.29187  0.61958  0.77255  0.51116  0.91579
     37   2.68922  5.09185  2.52920  1.73219  4.57049  3.32455  3.45305  4.05388  2.36054  3.53344  4.27304  2.39570  3.89292  2.70205  2.70882  2.49332  2.77579  3.61850  5.66545  4.13244    348 e - - -
          2.68618  4.42225  2.77519  2.73123  3.46354  2.40513  3.72494  3.29354  2.67741  2.69355  4.24690  2.90347  2.73739  3.18146  2.89801  2.37887  2.77519  2.98518  4.58477  3.61503
          0.01552  4.56952  5.29187  0.61958  0.77255  0.51116  0.91579
     38   2.87064  5.26707  3.02231  2.48199  4.61412  3.68422  3.80737  4.02028  2.29407  3.27414  4.34134  3.18282  4.08429  2.93502  1.10725  2.96638  3.12757  3.66367  5.66571  4.36666    349 r - - -
          2.68618  4.42225  2.77519  2.73123  3.46354  2.40513  3.72494  3.29354  2.67741  2.69355  4.24690  2.90347  2.73739  3.18146  2.89801  2.37887  2.77519  2.98518  4.58477  3.61503
          0.01552  4.56952  5.29187  0.61958  0.77255  0.50267  0.92865
     39   2.92185  5.45787  2.41055  1.24838  4.78091  3.51119  3.83135  4.27672  2.65352  3.75464  4.52221  2.95550  3.42021  2.24658  3.14446  2.58859  3.16911  3.84017  5.89362  4.45232    350 e - - -
          2.68623  4.42167  2.77523  2.73127  3.46343  2.40521  3.72475  3.29347  2.67746  2.69359  4.24644  2.90348  2.73744  3.18142  2.89802  2.37895  2.77523  2.98518  4.58406  3.61487
          0.05042  3.12015  5.29472  2.14773  0.12415  0.50603  0.92353
     40   3.09572  5.40745  2.31935  2.50582  5.03802  0.85546  4.18484  4.54115  3.22379  4.08614  4.93358  2.82596  4.14455  3.37040  3.78465  2.84422  3.45488  4.06580  6.26928  4.82197    371 g - - -
          2.68618  4.42220  2.77520  2.73123  3.46353  2.40513  3.72493  3.29353  2.67741  2.69355  4.24686  2.90347  2.73740  3.18146  2.89801  2.37887  2.77520  2.98518  4.58471  3.61502
          0.08790  2.71509  4.02032  0.36174  1.19225  0.50603  0.92353
     41   3.10904  4.25686  4.77712  4.21100  3.42071  3.73441  4.68371  2.09844  4.05063  0.83671  3.30897  4.36738  4.62006  4.23800  4.17730  3.61231  3.35789  2.25108  5.20018  4.04796    373 l - - -
          2.68618  4.42225  2.77519  2.73123  3.46354  2.40513  3.72494  3.29354  2.67741  2.69355  4.24690  2.90347  2.73739  3.18146  2.89801  2.37887  2.77519  2.98518  4.58477  3.61503
          0.01567  4.55936  5.28171  0.61958  0.77255  0.52906  0.88955
     42   2.70646  4.53878  3.30017  2.68652  3.91399  3.61781  3.82502  2.98307  2.12581  2.12938  3.50834  3.21436  4.00178  2.82431  2.12394  2.82309  2.96653  2.84979  5.25874  3.97605    374 r - - -
          2.68618  4.42225  2.77519  2.73123  3.46354  2.40513  3.72494  3.29354  2.67741  2.69355  4.24690  2.90347  2.73739  3.18146  2.89801  2.37887  2.77519  2.98518  4.58477  3.61503
          0.01567  4.55936  5.28171  0.61958  0.77255  0.52906  0.88955
     43   2.57311  5.23311  2.38368  2.21250  4.57449  3.47546  3.69131  4.05473  1.77425  3.50668  4.23202  2.87207  3.62800  2.79104  2.21783  2.67216  2.96908  3.58740  5.66504  4.26039    375 k - - -
          2.68618  4.42225  2.77519  2.73123  3.46354  2.40513  3.72494  3.29354  2.67741  2.69355  4.24690  2.90347  2.73739  3.18146  2.89801  2.37887  2.77519  2.98518  4.58477  3.61503
          0.01567  4.55936  5.28171  0.61958  0.77255  0.52906  0.88955
     44   2.75844  4.55251  3.70010  3.21612  3.70438  3.61153  3.92764  3.27527  3.06758  2.96379  3.86774  3.54604  4.12855  3.45564  3.37208  2.78252  0.98896  3.00480  4.06757  3.83008    376 t - - -
          2.68618  4.42225  2.77519  2.73123  3.46354  2.40513  3.72494  3.29354  2.67741  2.69355  4.24690  2.90347  2.73739  3.18146  2.89801  2.37887  2.77519  2.98518  4.58477  3.61503
          0.01567  4.55936  5.28171  0.61958  0.77255  0.52906  0.88955
     45   2.98819  5.06592  3.00079  2.87783  4.59773  3.51924  3.98792  4.26438  3.08662  3.84325  4.71819  2.83389  0.80232  3.40905  3.44895  3.05107  3.37233  3.82513  5.90111  4.51813    377 p - - -
          2.68618  4.42225  2.77519  2.73123  3.46354  2.40513  3.72494  3.29354  2.67741  2.69355  4.24690  2.90347  2.73739  3.18146  2.89801  2.37887  2.77519  2.98518  4.58477  3.61503
          0.01567  4.55936  5.28171  0.61958  0.77255  0.52906  0.88955
     46   2.50918  5.06037  2.96436  2.04773  3.82126  3.51802  3.01438  3.74181  2.05368  2.75536  4.01696  2.98785  3.90963  2.78150  2.58066  2.64710  2.94725  3.33280  4.21334  4.16320    378 e - - -
          2.68618  4.42225  2.77519  2.73123  3.46354  2.40513  3.72494  3.29354  2.67741  2.69355  4.24690  2.90347  2.73739  3.18146  2.89801  2.37887  2.77519  2.98518  4.58477  3.61503
          0.01567  4.55936  5.28171  0.61958  0.77255  0.52906  0.88955
     47   3.43915  5.47080  3.89637  3.23821  5.00281  3.99406  3.95290  4.37735  2.15893  3.78372  4.68092  3.58733  4.25716  2.82688  0.68083  3.33472  3.61617  4.05554  5.77983  4.64208    379 R - - -
          2.68618  4.42225  2.77519  2.73123  3.46354  2.40513  3.72494  3.29354  2.67741  2.69355  4.24690  2.90347  2.73739  3.18146  2.89801  2.37887  2.77519  2.98518  4.58477  3.61503
          0.01567  4.55936  5.28171  0.61958  0.77255  0.52906  0.88955
     48   2.26617  4.18776  4.39161  3.79999  3.20954  3.89824  4.21744  2.29814  3.65408  2.32823  3.23301  3.94238  4.26218  3.84883  3.78234  3.19623  2.84924  1.40677  4.71802  2.55757    380 v - - -
          2.68618  4.42225  2.77519  2.73123  3.46354  2.40513  3.72494  3.29354  2.67741  2.69355  4.24690  2.90347  2.73739  3.18146  2.89801  2.37887  2.77519  2.98518  4.58477  3.61503
          0.01567  4.55936  5.28171  0.61958  0.77255  0.52906  0.88955
     49   1.07799  4.71936  3.06059  2.82317  4.07227  3.54402  3.98658  3.42920  2.85728  2.91345  3.98363  3.28758  4.03771  3.06953  3.27985  2.80172  3.03663  3.00926  5.43016  4.14705    381 a - - -
          2.68618  4.42225  2.77519  2.73123  3.46354  2.40513  3.72494  3.29354  2.67741  2.69355  4.24690  2.90347  2.73739  3.18146  2.89801  2.37887  2.77519  2.98518  4.58477  3.61503
          0.01567  4.55936  5.28171  0.61958  0.77255  0.52906  0.88955
     50   2.78489  5.24920  2.82906  2.25916  4.59110  3.53279  3.71433  3.94132  1.34061  3.54178  4.29698  2.83494  3.88259  2.73979  2.66825  2.71384  2.82922  3.63948  5.67235  4.28556    382 k - - -
          2.68618  4.42225  2.77519  2.73123  3.46354  2.40513  3.72494  3.29354  2.67741  2.69355  4.24690  2.90347  2.73739  3.18146  2.89801  2.37887  2.77519  2.98518  4.58477  3.61503
          0.01567  4.55936  5.28171  0.61958  0.77255  0.52906  0.88955
     51   1.06264  4.33281  3.77083  3.24273  3.85987  3.52908  4.16432  3.18035  3.17190  2.88557  3.04868  3.54980  4.06989  3.48469  3.40770  2.62667  2.69550  2.90016  5.29335  4.06888    383 a - - -
          2.68618  4.42225  2.77519  2.73123  3.46354  2.40513  3.72494  3.29354  2.67741  2.69355  4.24690  2.90347  2.73739  3.18146  2.89801  2.37887  2.77519  2.98518  4.58477  3.61503
          0.01567  4.55936  5.28171  0.61958  0.77255  0.52906  0.88955
     52   2.80861  4.21165  3.97095  3.94591  2.13743  3.94868  4.20408  2.57048  3.77703  1.50676  2.31512  4.02375  4.30425  3.93385  3.85681  3.25256  3.03939  2.44506  4.31423  2.88203    384 l - - -
          2.68618  4.42225  2.77519  2.73123  3.46354  2.40513  3.72494  3.29354  2.67741  2.69355  4.24690  2.90347  2.73739  3.18146  2.89801  2.37887  2.77519  2.98518  4.58477  3.61503
          0.01567  4.55936  5.28171  0.61958  0.77255  0.52906  0.88955
     53   2.57285  4.50285  3.23008  2.58407  3.72534  3.55672  3.78203  3.01869  2.50936  1.97020  3.64075  3.19773  3.98720  2.63553  2.26371  2.80241  2.94842  2.92071  5.24923  3.96126    385 l - - -
          2.68618  4.42223  2.77519  2.73123  3.46353  2.40513  3.72494  3.29354  2.67741  2.69355  4.24688  2.90347  2.73740  3.18146  2.89801  2.37887  2.77519  2.98518  4.58475  3.61502
          0.04061  3.55378  4.49319  0.50363  0.92718  0.52906  0.88955
     54   2.70174  4.84716  2.51733  1.89069  2.88247  3.41135  3.74671  3.47238  2.59520  2.96340  3.92385  3.11293  3.95253  2.89738  3.04975  2.64722  2.94868  3.16862  3.87470  2.96703    387 e - - -
          2.68618  4.42225  2.77519  2.73123  3.46354  2.40513  3.72494  3.29354  2.67741  2.69355  4.24690  2.90347  2.73739  3.18146  2.89801  2.37887  2.77519  2.98518  4.58477  3.61503
          0.01873  4.55324  4.82555  0.61958  0.77255  0.53961  0.87461
     55   2.45580  3.21510  4.44152  3.84139  2.41024  2.30782  4.17629  2.38850  3.67543  1.96009  2.70096  3.90625  4.22114  3.85002  3.76652  3.15588  2.94566  2.31971  4.59472  3.56461    388 l - - -
          2.68618  4.42225  2.77519  2.73123  3.46354  2.40513  3.72494  3.29354  2.67741  2.69355  4.24690  2.90347  2.73739  3.18146  2.89801  2.37887  2.77519  2.98518  4.58477  3.61503
          0.01582  4.55033  5.27268  0.61958  0.77255  0.54456  0.86773
     56   2.59678  3.74066  3.95636  3.34735  2.87288  3.76199  4.08787  2.73033  3.29538  2.49014  3.22858  3.63840  4.15504  3.55693  3.55210  3.04371  1.33317  2.52684  4.90708  3.56304    389 t - - -
          2.68618  4.42225  2.77519  2.73123  3.46354  2.40513  3.72494  3.29354  2.67741  2.69355  4.24690  2.90347  2.73739  3.18146  2.89801  2.37887  2.77519  2.98518  4.58477  3.61503
          0.01582  4.55033  5.27268  0.61958  0.77255  0.54456  0.86773
     57   2.75205  5.28155  3.14412  2.54906  4.65041  3.60756  3.66636  4.09420  1.69343  3.56093  4.33051  2.69180  3.99083  2.44563  1.79301  2.57614  3.07738  3.68821  5.66804  4.16744    390 k - - -
          2.68619  4.42214  2.77520  2.73124  3.46352  2.40514  3.72491  3.29353  2.67742  2.69356  4.24681  2.90347  2.73740  3.18145  2.89801  2.37888  2.77520  2.98518  4.58463  3.61500
          0.04244  3.40811  4.77411  1.09994  0.40480  0.52673  0.89290
     58   2.77376  4.68573  3.89621  3.83982  5.07088  0.46163  4.97558  4.54762  4.05987  4.25716  5.12322  3.91034  4.21336  4.31771  4.28302  2.96110  2.92555  3.88297  6.33538  5.21946    397 G - - -
          2.68618  4.42225  2.77519  2.73123  3.46354  2.40513  3.72494  3.29354  2.67741  2.69355  4.24690  2.90347  2.73739  3.18146  2.89801  2.37887  2.77519  2.98518  4.58477  3.61503
          0.01577  4.55317  5.27552  0.61958  0.77255  0.53973  0.87444
     59   3.47094  4.89316  4.55075  4.07248  2.51854  4.37856  3.41429  3.24344  3.86035  2.37750  3.59045  4.13255  4.71463  4.07038  4.02294  3.69394  3.69442  3.20753  4.17134  0.77275    398 y - - -
          2.68618  4.42225  2.77519  2.73123  3.46354  2.40513  3.72494  3.29354  2.67741  2.69355  4.24690  2.90347  2.73739  3.18146  2.89801  2.37887  2.77519  2.98518  4.58477  3.61503
          0.01577  4.55317  5.27552  0.61958  0.77255  0.53973  0.87444
     60   2.71675  4.87959  2.56437  2.15823  4.56211  3.30420  2.96723  4.04547  1.99339  3.48905  4.26105  2.74478  3.88402  2.52943  2.33514  2.57151  2.94771  3.60887  5.43983  4.18689    399 k - - -
          2.68618  4.42225  2.77519  2.73123  3.46354  2.40513  3.72494  3.29354  2.67741  2.69355  4.24690  2.90347  2.73739  3.18146  2.89801  2.37887  2.77519  2.98518  4.58477  3.61503
          0.01577  4.55317  5.27552  0.61958  0.77255  0.53651  0.87896
     61   2.63005  5.07092  2.88681  2.04843  4.35650  3.51533  3.69635  3.68063  2.46482  2.90958  4.07847  3.01092  3.85742  1.76132  2.95206  2.67685  2.84629  3.23924  5.54062  3.74889    400 q - - -
          2.68618  4.42225  2.77519  2.73123  3.46354  2.40513  3.72494  3.29354  2.67741  2.69355  4.24690  2.90347  2.73739  3.18146  2.89801  2.37887  2.77519  2.98518  4.58477  3.61503
          0.01576  4.55427  5.27662  0.61958  0.77255  0.53785  0.87707
     62   2.58478  4.39062  2.37750  2.36698  4.53692  3.49227  3.68122  4.01557  1.87349  3.50282  4.24568  2.59071  3.57920  2.70805  2.67829  2.42229  2.65502  3.57481  5.64072  4.23622    401 k - - -
          2.68618  4.42225  2.77519  2.73123  3.46354  2.40513  3.72494  3.29354  2.67741  2.69355  4.24690  2.90347  2.73739  3.18146  2.89801  2.37887  2.77519  2.98518  4.58477  3.61503
          0.01576  4.55427  5.27662  0.61958  0.77255  0.53614  0.87948
     63   2.48826  4.24009  3.98906  3.47935  3.35793  3.80512  4.10833  2.21563  3.37970  1.99605  3.35855  3.39812  3.09324  3.62238  3.60395  3.05495  2.58217  1.73142  4.86149  3.66264    402 v - - -
          2.68618  4.42223  2.77519  2.73123  3.46353  2.40513  3.72494  3.29354  2.67741  2.69355  4.24688  2.90347  2.73740  3.18146  2.89801  2.37887  2.77519  2.98518  4.58474  3.61502
          0.05951  3.40174  3.71058  0.48119  0.96246  0.51880  0.90445
     64   2.65411  5.19751  2.84305  2.16620  4.53254  3.39603  3.64517  3.95500  1.86742  3.49831  4.17115  2.65303  3.40339  2.72910  2.69836  2.21164  2.79587  3.36411  5.63604  4.10593    404 k - - -
          2.68618  4.42225  2.77519  2.73123  3.46354  2.40513  3.72494  3.29354  2.67741  2.69355  4.24690  2.90347  2.73739  3.18146  2.89801  2.37887  2.77519  2.98518  4.58477  3.61503
          0.01596  4.54161  5.26396  0.61958  0.77255  0.55918  0.84788
     65   2.65229  5.29217  1.71578  2.00747  4.62411  3.44211  3.72851  4.10999  2.39077  3.54380  4.34141  2.80383  3.91873  2.56408  2.94755  2.41965  2.96764  3.58876  5.72826  4.30969    405 d - - -
          2.68618  4.42225  2.77519  2.73123  3.46354  2.40513  3.72494  3.29354  2.67741  2.69355  4.24690  2.90347  2.73739  3.18146  2.89801  2.37887  2.77519  2.98518  4.58477  3.61503
          0.01596  4.54161  5.26396  0.61958  0.77255  0.55918  0.84788
     66   2.54804  4.16236  4.33804  3.74532  3.22255  3.85609  3.88853  1.56179  3.60005  2.22489  3.23388  3.83224  4.22233  3.74278  3.73281  3.15161  2.57411  1.84141  4.78870  3.39330    406 i - - -
          2.68618  4.42225  2.77519  2.73123  3.46354  2.40513  3.72494  3.29354  2.67741  2.69355  4.24690  2.90347  2.73739  3.18146  2.89801  2.37887  2.77519  2.98518  4.58477  3.61503
          0.01596  4.54161  5.26396  0.61958  0.77255  0.55918  0.84788
     67   2.87025  4.30247  4.68784  4.10425  3.32271  4.13946  4.49677  1.84044  3.68550  1.63965  3.33729  4.21982  4.48086  4.13510  3.97223  3.45434  2.98341  1.35869  5.04348  3.86365    407 v - - -
          2.68618  4.42218  2.77520  2.73124  3.46353  2.40513  3.72492  3.29353  2.67741  2.69355  4.24685  2.90347  2.73740  3.18146  2.89801  2.37888  2.77520  2.98518  4.58469  3.61501
          0.09385  3.75026  2.71699  0.95340  0.48683  0.50389  0.92678
     68   2.62453  5.21997  2.79585  2.32013  4.55612  2.68340  3.51973  4.03561  2.24449  3.49107  4.26539  2.21427  3.88564  2.05994  2.74570  2.68731  2.96129  3.60630  5.65466  4.24868    414 q - - -
          2.68618  4.42225  2.77519  2.73123  3.46354  2.40513  3.72494  3.29354  2.67741  2.69355  4.24690  2.90347  2.73739  3.18146  2.89801  2.37887  2.77519  2.98518  4.58477  3.61503
          0.02064  4.49945  4.67618  0.61958  0.77255  0.54794  0.86308
     69   2.69973  4.98828  2.40635  2.36213  4.47968  2.09517  3.66641  3.94690  2.42382  3.45624  4.14203  2.76623  3.89031  2.78998  2.65736  2.49107  2.51152  3.53801  5.61287  4.21821    415 g - - -
          2.68618  4.42225  2.77519  2.73123  3.46354  2.40513  3.72494  3.29354  2.67741  2.69355  4.24690  2.90347  2.73739  3.18146  2.89801  2.37887  2.77519  2.98518  4.58477  3.61503
          0.01624  4.52419  5.24654  0.61958  0.77255  0.51601  0.90856
     70   1.21884  4.73356  3.28302  2.65823  4.08800  3.49230  3.92080  3.42738  2.62369  3.05358  3.97458  3.24466  4.00203  3.12019  3.17829  2.47714  2.85515  3.10346  5.41637  4.12885    416 a - - -
          2.68618  4.42225  2.77519  2.73123  3.46354  2.40513  3.72494  3.29354  2.67741  2.69355  4.24690  2.90347  2.73739  3.18146  2.89801  2.37887  2.77519  2.98518  4.58477  3.61503
          0.01916  4.54984  4.77859  0.61958  0.77255  0.52362  0.89740
     71   2.88021  4.26206  4.66803  4.07346  3.13145  4.06462  4.40143  1.88384  3.85208  1.29957  3.15527  4.16200  4.40804  4.06686  3.98486  3.11883  3.03185  1.87517  4.92431  3.67847    417 l - - -
          2.68618  4.42225  2.77519  2.73123  3.46354  2.40513  3.72494  3.29354  2.67741  2.69355  4.24690  2.90347  2.73739  3.18146  2.89801  2.37887  2.77519  2.98518  4.58477  3.61503
          0.01576  4.55409  5.27644  0.61958  0.77255  0.52733  0.89203
     72   3.10169  4.61405  3.97875  3.37294  0.93956  3.91010  3.96127  3.09672  3.49125  2.74758  3.73695  3.86449  4.43533  3.74461  3.79091  3.37335  3.33646  2.90966  4.42649  2.48485    418 f - - -
          2.68618  4.42225  2.77519  2.73123  3.46354  2.40513  3.72494  3.29354  2.67741  2.69355  4.24690  2.90347  2.73739  3.18146  2.89801  2.37887  2.77519  2.98518  4.58477  3.61503
          0.01570  4.55779  5.28014  0.61958  0.77255  0.53179  0.88565
     73   2.59187  5.21451  2.44505  2.24009  4.54754  3.42400  2.76887  4.02635  2.31536  3.48352  3.98235  2.68928  2.33089  2.68756  2.92640  2.65557  2.94689  3.59884  5.65353  4.24773    419 e - - -
          2.68618  4.42225  2.77519  2.73123  3.46354  2.40513  3.72494  3.29354  2.67741  2.69355  4.24690  2.90347  2.73739  3.18146  2.89801  2.37887  2.77519  2.98518  4.58477  3.61503
          0.01570  4.55779  5.28014  0.61958  0.77255  0.53179  0.88565
     74   2.74517  5.14740  3.01846  1.29180  4.45437  3.49040  3.73533  3.84317  2.35415  3.30723  4.20973  3.03176  3.94296  2.82804  2.70731  2.63652  2.97279  3.26905  5.60270  4.23503    420 e - - -
          2.68618  4.42225  2.77519  2.73123  3.46354  2.40513  3.72494  3.29354  2.67741  2.69355  4.24690  2.90347  2.73739  3.18146  2.89801  2.37887  2.77519  2.98518  4.58477  3.61503
          0.01570  4.55779  5.28014  0.61958  0.77255  0.53179  0.88565
     75   2.11422  5.06490  2.21720  2.33691  4.27081  3.37830  3.71278  3.74800  2.47832  3.34454  3.41052  2.77833  3.10159  2.82205  2.95823  2.68925  2.76033  2.99524  5.53730  4.16666    421 a - - -
          2.68618  4.42225  2.77519  2.73123  3.46354  2.40513  3.72494  3.29354  2.67741  2.69355  4.24690  2.90347  2.73739  3.18146  2.89801  2.37887  2.77519  2.98518  4.58477  3.61503
          0.38412  4.55779  1.17615  0.61958  0.77255  0.53179  0.88565
     76   2.60788  4.42297  3.40623  2.90525  3.53642  1.71605  3.90448  2.46442  2.71847  2.71771  3.63386  3.30480  3.95797  3.19197  3.19920  2.77774  2.88830  2.64710  5.10502  3.84318    422 g - - -
          2.68620  4.42198  2.77521  2.73125  3.46349  2.40516  3.72485  3.29351  2.67743  2.69357  4.24668  2.90347  2.73741  3.18144  2.89801  2.37890  2.77521  2.98518  4.58444  3.61496
          0.15124  2.01702  4.91863  1.11163  0.39902  0.31461  1.30962
     77   2.71421  4.51233  2.84073  2.72273  3.74470  3.57984  2.36117  3.18110  2.73743  2.18205  3.71698  3.20932  4.00061  3.06863  3.01331  2.60873  2.83781  2.57448  5.20039  3.18755    427 l - - -
          2.68618  4.42225  2.77519  2.73123  3.46354  2.40513  3.72494  3.29354  2.67741  2.69355  4.24690  2.90347  2.73739  3.18146  2.89801  2.37887  2.77519  2.98518  4.58477  3.61503
          0.01569  4.55826  5.28061  0.61958  0.77255  0.53097  0.88681
     78   2.98312  5.55504  1.44845  1.68762  4.87142  3.13809  3.49536  4.37910  2.49322  3.84823  4.62334  2.65608  4.01833  2.99561  3.27199  2.66583  3.23676  3.93395  5.98499  4.52250    428 d - - -
          2.68568  4.42219  2.77569  2.73164  3.46426  2.40252  3.72429  3.29393  2.67776  2.69415  4.24759  2.90341  2.73800  3.18197  2.89839  2.37936  2.77478  2.98505  4.58545  3.61566
          0.41880  1.09846  4.73499  2.04012  0.13928  0.49439  0.94146
     79   3.05516  5.61103  2.37366  1.43531  4.92534  1.67332  3.93317  4.43175  2.83659  3.91340  4.70827  2.76795  4.05967  2.91424  3.39069  2.67299  3.31900  3.99469  6.06333  4.59314    441 e - - -
          2.68618  4.42225  2.77519  2.73123  3.46354  2.40513  3.72494  3.29354  2.67741  2.69355  4.24690  2.90347  2.73739  3.18146  2.89801  2.37887  2.77519  2.98518  4.58477  3.61503
          0.01555  4.56717  5.28952  0.61958  0.77255  0.50452  0.92583
     80   2.95094  4.34781  4.65091  4.05533  3.21399  4.11472  4.43085  2.14707  3.89886  1.40977  1.90810  4.18353  4.18868  3.41418  3.99368  3.42129  3.17967  2.08500  4.94811  3.79917    442 l - - -
          2.68618  4.42225  2.77519  2.73123  3.46354  2.40513  3.72494  3.29354  2.67741  2.69355  4.24690  2.90347  2.73739  3.18146  2.89801  2.37887  2.77519  2.98518  4.58477  3.61503
          0.01549  4.57083  5.29317  0.61958  0.77255  0.50882  0.91931
     81   3.37504  4.66460  5.27643  4.81211  4.03737  4.77499  5.53448  1.74257  4.70807  2.54615  3.81267  4.96156  5.12034  4.98974  4.89050  4.19367  3.29758  0.61892  6.02425  4.80172    443 V - - -
          2.68618  4.42225  2.77519  2.73123  3.46354  2.40513  3.72494  3.29354  2.67741  2.69355  4.24690  2.90347  2.73739  3.18146  2.89801  2.37887  2.77519  2.98518  4.58477  3.61503
          0.01549  4.57083  5.29317  0.61958  0.77255  0.50882  0.91931
     82   2.74964  4.20182  3.79551  3.69878  3.23513  3.87209  4.18382  1.77428  3.15521  1.91613  3.07278  3.88016  4.23763  3.70692  3.67596  3.16376  2.92144  1.72872  4.83193  3.64315    444 v - - -
          2.68618  4.42225  2.77519  2.73123  3.46354  2.40513  3.72494  3.29354  2.67741  2.69355  4.24690  2.90347  2.73739  3.18146  2.89801  2.37887  2.77519  2.98518  4.58477  3.61503
          0.01549  4.57083  5.29317  0.61958  0.77255  0.50882  0.91931
     83   2.72741  4.29583  4.23079  3.52063  3.42891  3.93507  4.25421  2.35101  3.53184  2.42705  3.33375  3.56198  4.30341  3.78540  3.73614  3.22825  3.05701  1.05640  4.96936  3.42784    445 v - - -
          2.68618  4.42225  2.77519  2.73123  3.46354  2.40513  3.72494  3.29354  2.67741  2.69355  4.24690  2.90347  2.73739  3.18146  2.89801  2.37887  2.77519  2.98518  4.58477  3.61503
          0.01549  4.57083  5.29317  0.61958  0.77255  0.50882  0.91931
     84   3.03083  5.34923  3.35765  2.69410  4.75484  3.42702  3.78981  4.15554  1.61234  3.61161  4.41476  3.18052  4.11449  2.84673  1.36074  2.82089  2.87295  3.78109  5.69617  4.42202    446 r - - -
          2.68618  4.42225  2.77519  2.73123  3.46354  2.40513  3.72494  3.29354  2.67741  2.69355  4.24690  2.90347  2.73739  3.18146  2.89801  2.37887  2.77519  2.98518  4.58477  3.61503
          0.01549  4.57083  5.29317  0.61958  0.77255  0.50882  0.91931
     85   3.31393  5.99744  0.92449  2.13776  5.28425  2.62463  4.10026  4.84000  3.17005  4.29381  5.14659  2.14984  4.16721  3.26627  3.81649  3.16932  3.61023  4.37426  6.44297  4.88164    447 d - - -
          2.68618  4.42225  2.77519  2.73123  3.46354  2.40513  3.72494  3.29354  2.67741  2.69355  4.24690  2.90347  2.73739  3.18146  2.89801  2.37887  2.77519  2.98518  4.58477  3.61503
          0.01549  4.57083  5.29317  0.61958  0.77255  0.50882  0.91931
     86   3.54316  4.75988  5.53392  5.02878  3.81373  5.07701  5.64974  0.78437  4.93853  1.88356  3.45203  5.20465  5.26760  5.10196  5.05886  4.48394  3.79051  1.58535  5.92073  4.78258    448 i - - -
          2.68618  4.42219  2.77520  2.73123  3.46353  2.40513  3.72492  3.29353  2.67741  2.69355  4.24685  2.90347  2.73740  3.18146  2.89801  2.37887  2.77520  2.98518  4.58470  3.61501
          0.03818  3.42860  5.29317  0.77659  0.61614  0.50882  0.91931
     87   2.80861  5.34017  1.82833  1.75057  4.54603  3.41172  3.31490  4.16171  2.52079  3.63981  4.39093  2.48290  3.32119  2.84029  3.02698  2.70714  2.94400  3.72474  5.77471  4.34922    452 e - - -
          2.68618  4.42225  2.77519  2.73123  3.46354  2.40513  3.72494  3.29354  2.67741  2.69355  4.24690  2.90347  2.73739  3.18146  2.89801  2.37887  2.77519  2.98518  4.58477  3.61503
          0.01549  4.57083  5.29317  0.61958  0.77255  0.50882  0.91931
     88   2.68942  4.13264  4.53817  3.93343  2.35366  3.88604  3.84613  2.15732  3.75218  1.65152  2.58882  3.99449  4.24885  3.91131  3.48178  3.19064  2.82882  2.12206  4.74984  3.48146    453 l - - -
          2.68618  4.42225  2.77519  2.73123  3.46354  2.40513  3.72494  3.29354  2.67741  2.69355  4.24690  2.90347  2.73739  3.18146  2.89801  2.37887  2.77519  2.98518  4.58477  3.61503
          0.01549  4.57083  5.29317  0.61958  0.77255  0.50882  0.91931
     89   2.42109  4.17743  3.95847  3.34352  1.68343  3.78228  3.87321  2.73780  3.11397  2.47458  3.38798  3.67325  4.15752  3.54972  3.54251  2.79591  2.80375  2.50013  4.85989  2.59237    454 f - - -
          2.68618  4.42225  2.77519  2.73123  3.46354  2.40513  3.72494  3.29354  2.67741  2.69355  4.24690  2.90347  2.73739  3.18146  2.89801  2.37887  2.77519  2.98518  4.58477  3.61503
          0.01549  4.57083  5.29317  0.61958  0.77255  0.50882  0.91931
     90   2.47309  4.73093  3.31632  2.86317  4.74838  3.37193  4.40125  4.15615  3.32115  3.82214  4.65541  3.46167  4.08177  3.62596  3.69385  0.70562  3.11444  3.63988  6.04392  4.77035    455 s - - -
          2.68618  4.42225  2.77519  2.73123  3.46354  2.40513  3.72494  3.29354  2.67741  2.69355  4.24690  2.90347  2.73739  3.18146  2.89801  2.37887  2.77519  2.98518  4.58477  3.61503
          0.01549  4.57083  5.29317  0.61958  0.77255  0.49930  0.93384
     91   2.72758  4.23838  4.07040  3.27501  3.29865  3.80850  3.88189  2.68760  3.37909  1.72377  2.57994  3.74116  4.17911  3.55622  3.59613  3.08780  2.38584  2.47737  4.83696  2.25607    456 l - - -
          2.68618  4.42225  2.77519  2.73123  3.46354  2.40513  3.72494  3.29354  2.67741  2.69355  4.24690  2.90347  2.73739  3.18146  2.89801  2.37887  2.77519  2.98518  4.58477  3.61503
          0.01544  4.57403  5.29637  0.61958  0.77255  0.50305  0.92807
     92   2.71050  1.21618  3.98290  3.20575  3.58562  3.65193  4.18672  2.97715  3.31034  2.71511  3.62733  3.70240  4.15170  3.63227  3.55528  2.52992  2.98349  2.74009  4.07628  3.83299    457 c - - -
          2.68618  4.42225  2.77519  2.73123  3.46354  2.40513  3.72494  3.29354  2.67741  2.69355  4.24690  2.90347  2.73739  3.18146  2.89801  2.37887  2.77519  2.98518  4.58477  3.61503
          0.01544  4.57403  5.29637  0.61958  0.77255  0.50305  0.92807
     93   2.93117  5.68590  2.40883  0.88934  4.99163  3.53266  3.96435  4.49763  2.52364  3.97357  4.78022  2.79998  4.09231  3.06815  3.40146  3.02322  3.38311  4.06325  6.11858  4.64653    458 e - - -
          2.68618  4.42225  2.77519  2.73123  3.46354  2.40513  3.72494  3.29354  2.67741  2.69355  4.24690  2.90347  2.73739  3.18146  2.89801  2.37887  2.77519  2.98518  4.58477  3.61503
          0.01544  4.57403  5.29637  0.61958  0.77255  0.50305  0.92807
     94   2.63134  5.18079  2.81666  2.23752  4.48861  3.52195  1.94077  3.94772  2.49383  3.40299  4.24076  3.00708  3.93412  2.85444  2.75090  1.99814  3.00634  3.55371  5.63807  4.25180    459 h - - -
          2.68618  4.42225  2.77519  2.73123  3.46354  2.40513  3.72494  3.29354  2.67741  2.69355  4.24690  2.90347  2.73739  3.18146  2.89801  2.37887  2.77519  2.98518  4.58477  3.61503
          0.01544  4.57403  5.29637  0.61958  0.77255  0.49320  0.94332
     95   2.73600  2.28376  3.64749  3.08399  3.31646  3.70292  1.90807  2.96466  2.86140  2.68035  3.53447  3.47292  4.09883  3.32434  3.33308  2.96338  2.51548  2.73829  5.03274  3.78577    460 h - - -
          2.68618  4.42225  2.77519  2.73123  3.46354  2.40513  3.72494  3.29354  2.67741  2.69355  4.24690  2.90347  2.73739  3.18146  2.89801  2.37887  2.77519  2.98518  4.58477  3.61503
          0.01539  4.57733  5.29967  0.61958  0.77255  0.49705  0.93732
     96   3.77656  5.03705  5.55413  4.96555  2.77745  5.07233  5.30727  2.52419  4.82295  0.61361  2.15976  5.17045  5.15207  4.53896  4.81577  4.43398  3.97819  2.75191  5.40945  4.39767    461 L - - -
          2.68618  4.42222  2.77520  2.73123  3.46353  2.40513  3.72493  3.29354  2.67741  2.69355  4.24688  2.90347  2.73740  3.18146  2.89801  2.37887  2.77520  2.98518  4.58474  3.61502
          0.04503  3.24332  5.29967  0.45213  1.01136  0.49705  0.93732
     97   3.33584  4.70918  5.17861  4.61938  3.48199  4.68632  5.08373  2.26231  4.46720  0.92285  3.01057  4.78452  4.93570  4.59776  4.55915  3.94142  3.63203  1.46001  5.44735  4.34319    463 l - - -
          2.68618  4.42225  2.77519  2.73123  3.46354  2.40513  3.72494  3.29354  2.67741  2.69355  4.24690  2.90347  2.73739  3.18146  2.89801  2.37887  2.77519  2.98518  4.58477  3.61503
          0.01539  4.57733  5.29967  0.61958  0.77255  0.49705  0.93732
     98   2.77586  4.70562  3.52460  3.03345  4.06867  3.61511  4.06675  3.34807  2.70263  2.85404  3.81540  3.43474  1.13252  3.30017  3.18571  2.94458  2.91903  3.00970  5.44465  4.18894    464 p - - -
          2.68618  4.42225  2.77519  2.73123  3.46354  2.40513  3.72494  3.29354  2.67741  2.69355  4.24690  2.90347  2.73739  3.18146  2.89801  2.37887  2.77519  2.98518  4.58477  3.61503
          0.01874  4.57733  4.79300  0.61958  0.77255  0.49705  0.93732
     99   3.04846  4.51667  4.34248  3.80997  1.03202  4.08762  4.10945  2.47596  3.03854  2.47663  3.54056  3.98993  4.44812  3.88326  3.80326  3.34713  3.28177  2.69092  4.59581  3.03125    465 f - - -
          2.68618  4.42225  2.77519  2.73123  3.46354  2.40513  3.72494  3.29354  2.67741  2.69355  4.24690  2.90347  2.73739  3.18146  2.89801  2.37887  2.77519  2.98518  4.58477  3.61503
          0.01544  4.57403  5.29637  0.61958  0.77255  0.50305  0.92807
    100   2.71961  4.86152  3.02735  2.45902  3.32296  3.56478  3.00167  3.12387  2.53402  2.87371  3.80890  3.04559  3.87798  2.60039  2.86048  2.31966  2.45996  2.99550  5.37568  3.26426    466 s - - -
          2.68618  4.42225  2.77519  2.73123  3.46354  2.40513  3.72494  3.29354  2.67741  2.69355  4.24690  2.90347  2.73739  3.18146  2.89801  2.37887  2.77519  2.98518  4.58477  3.61503
          0.01544  4.57403  5.29637  0.61958  0.77255  0.50305  0.92807
    101   2.64329  4.32051  3.94844  3.37554  3.33489  1.71542  4.10886  2.15249  3.28947  2.42910  3.35308  3.68499  4.18643  3.55887  3.29265  3.08137  2.99138  2.11363  4.95078  3.74287    467 g - - -
          2.68618  4.42225  2.77519  2.73123  3.46354  2.40513  3.72494  3.29354  2.67741  2.69355  4.24690  2.90347  2.73739  3.18146  2.89801  2.37887  2.77519  2.98518  4.58477  3.61503
          0.01544  4.57403  5.29637  0.61958  0.77255  0.50305  0.92807
    102   2.77379  5.22428  2.91037  2.47922  4.56530  3.30779  3.70834  4.02891  1.57728  3.51632  4.27201  2.96605  3.93198  2.29318  2.31039  2.74388  2.72765  3.32632  5.64950  4.26896    468 k - - -
          2.68618  4.42225  2.77519  2.73123  3.46354  2.40513  3.72494  3.29354  2.67741  2.69355  4.24690  2.90347  2.73739  3.18146  2.89801  2.37887  2.77519  2.98518  4.58477  3.61503
          0.01544  4.57403  5.29637  0.61958  0.77255  0.50305  0.92807
    103   2.47958  1.82171  4.60698  4.02426  3.40195  4.01257  4.40117  1.96497  3.86808  2.40268  3.08703  4.12016  4.38691  4.05334  3.97033  3.11871  3.08788  1.70697  4.97071  3.78505    469 v - - -
          2.68618  4.42225  2.77519  2.73123  3.46354  2.40513  3.72494  3.29354  2.67741  2.69355  4.24690  2.90347  2.73739  3.18146  2.89801  2.37887  2.77519  2.98518  4.58477  3.61503
          0.01544  4.57403  5.29637  0.61958  0.77255  0.50305  0.92807
    104   2.65096  4.49478  2.82173  2.61926  4.27957  3.52902  1.42791  3.71009  2.65786  3.31032  4.12569  3.12684  3.98123  2.96641  3.11146  2.40245  2.93476  3.36379  5.54040  4.20264    470 h - - -
          2.68618  4.42225  2.77519  2.73123  3.46354  2.40513  3.72494  3.29354  2.67741  2.69355  4.24690  2.90347  2.73739  3.18146  2.89801  2.37887  2.77519  2.98518  4.58477  3.61503
          0.01544  4.57403  5.29637  0.61958  0.77255  0.48885  0.95018
    105   3.15056  4.67406  5.45759  4.97280  4.04180  4.98947  5.66677  1.07767  4.89611  2.50698  3.68261  5.13040  5.24343  5.14817  5.06166  4.40073  3.70756  0.95717  6.06448  4.84941    471 v - - -
          2.68620  4.42203  2.77521  2.73125  3.46350  2.40516  3.72487  3.29351  2.67743  2.69357  4.24672  2.90347  2.73741  3.18145  2.89801  2.37890  2.77521  2.98518  4.58449  3.61497
          0.05769  2.97449  5.30114  1.31764  0.31165  0.49437  0.94150
    106   1.80451  4.77615  3.23742  2.59577  4.38560  1.33893  4.09413  3.79056  2.97079  3.16153  4.26472  3.30338  4.03220  3.28999  3.39455  2.64432  3.07410  3.40147  5.69019  4.39367    483 g - - -
          2.68618  4.42225  2.77519  2.73123  3.46354  2.40513  3.72494  3.29354  2.67741  2.69355  4.24690  2.90347  2.73739  3.18146  2.89801  2.37887  2.77519  2.98518  4.58477  3.61503
          0.01537  4.57879  5.30114  0.61958  0.77255  0.49437  0.94150
    107   4.51350  5.54967  5.30186  5.14475  2.23986  5.00833  3.82004  4.20907  4.86665  3.39617  4.73769  4.61823  5.30541  4.74277  4.78785  4.45311  4.72327  4.14292  3.26955  0.40327    484 Y - - -
          2.68618  4.42225  2.77519  2.73123  3.46354  2.40513  3.72494  3.29354  2.67741  2.69355  4.24690  2.90347  2.73739  3.18146  2.89801  2.37887  2.77519  2.98518  4.58477  3.61503
          0.01537  4.57879  5.30114  0.61958  0.77255  0.49437  0.94150
    108   2.68170  3.72756  4.47862  3.88534  3.31572  3.94252  4.27228  1.69468  3.72732  1.98392  3.31673  4.00667  4.30416  3.91846  2.91156  3.20730  2.98163  1.64809  4.85892  3.60748    485 v - - -
          2.68618  4.42225  2.77519  2.73123  3.46354  2.40513  3.72494  3.29354  2.67741  2.69355  4.24690  2.90347  2.73739  3.18146  2.89801  2.37887  2.77519  2.98518  4.58477  3.61503
          0.01537  4.57879  5.30114  0.61958  0.77255  0.49437  0.94150
    109   2.88159  4.83578  3.45870  3.25204  4.48666  3.52424  4.41094  3.97928  3.22368  3.58455  4.55314  3.58451  0.72389  3.24759  3.51666  3.02010  3.30716  3.31742  5.86051  4.55720    486 p - - -
          2.68618  4.42222  2.77520  2.73123  3.46353  2.40513  3.72493  3.29353  2.67741  2.69355  4.24687  2.90347  2.73740  3.18146  2.89801  2.37887  2.77520  2.98518  4.58473  3.61502
          0.10413  3.06199  2.95456  0.42135  1.06759  0.49437  0.94150
    110   2.71043  4.46773  2.79588  2.44565  4.42287  3.46862  3.69213  3.88056  2.15889  3.31715  4.14806  2.19798  3.89258  2.78209  2.74448  1.90997  2.91692  3.23527  5.57508  4.19122    488 s - - -
          2.68618  4.42225  2.77519  2.73123  3.46354  2.40513  3.72494  3.29354  2.67741  2.69355  4.24690  2.90347  2.73739  3.18146  2.89801  2.37887  2.77519  2.98518  4.58477  3.61503
          0.38628  4.53053  1.17233  0.61958  0.77255  0.50419  0.92633
    111   2.57897  5.09331  2.44473  2.29523  4.44484  1.86366  3.73007  3.90211  2.51535  3.44939  4.24880  2.39184  3.85929  2.87133  3.07895  2.55802  3.00187  3.42864  5.64234  4.24710    489 g - - -
          2.68618  4.42225  2.77519  2.73123  3.46354  2.40513  3.72494  3.29354  2.67741  2.69355  4.24690  2.90347  2.73739  3.18146  2.89801  2.37887  2.77519  2.98518  4.58477  3.61503
          0.02951  4.20486  4.25763  0.61958  0.77255  0.28001  1.40967
    112   2.75934  5.25118  2.84899  2.26665  4.59448  2.36102  3.70442  4.07276  1.90966  3.55055  4.29555  2.89195  3.91508  2.31225  2.41465  2.59410  2.97078  3.64156  5.67932  4.27806    490 k - - -
          2.68618  4.42225  2.77519  2.73123  3.46354  2.40513  3.72494  3.29354  2.67741  2.69355  4.24690  2.90347  2.73739  3.18146  2.89801  2.37887  2.77519  2.98518  4.58477  3.61503
          0.01539  4.57733  5.29967  0.61958  0.77255  0.48285  0.95978
    113   2.72514  4.85538  3.13400  2.55483  4.23468  3.48232  3.75413  3.65438  2.07895  2.90338  4.04798  3.04653  3.95499  2.54065  1.86766  2.71613  2.97736  2.77330  5.17261  3.56180    491 r - - -
          2.68618  4.42225  2.77519  2.73123  3.46354  2.40513  3.72494  3.29354  2.67741  2.69355  4.24690  2.90347  2.73739  3.18146  2.89801  2.37887  2.77519  2.98518  4.58477  3.61503
          0.01532  4.58208  5.30442  0.61958  0.77255  0.48831  0.95104
    114   3.25553  4.55367  5.11165  4.58033  3.73749  4.62436  5.12769  1.62336  4.46336  2.29329  3.66723  4.72679  4.93271  4.68975  4.60887  3.48938  3.50810  0.80172  5.63016  4.42217    492 v - - -
          2.68618  4.42225  2.77519  2.73123  3.46354  2.40513  3.72494  3.29354  2.67741  2.69355  4.24690  2.90347  2.73739  3.18146  2.89801  2.37887  2.77519  2.98518  4.58477  3.61503
          0.01532  4.58208  5.30442  0.61958  0.77255  0.48831  0.95104
    115   2.69688  4.20981  4.58402  3.98775  3.19854  3.98382  4.31815  1.97140  3.82070  1.60533  3.27404  4.07644  3.72478  3.99067  3.90490  3.25492  2.95275  1.55234  4.70033  3.68773    493 v - - -
          2.68618  4.42225  2.77519  2.73123  3.46354  2.40513  3.72494  3.29354  2.67741  2.69355  4.24690  2.90347  2.73739  3.18146  2.89801  2.37887  2.77519  2.98518  4.58477  3.61503
          0.01532  4.58208  5.30442  0.61958  0.77255  0.48831  0.95104
    116   3.21956  5.26346  2.99901  2.71118  5.15640  0.51638  4.57190  4.68884  3.59505  4.28969  5.18347  3.51287  4.33907  3.81652  4.01755  3.27906  3.65019  4.18233  6.32349  5.07781    494 G - - -
          2.68618  4.42225  2.77519  2.73123  3.46354  2.40513  3.72494  3.29354  2.67741  2.69355  4.24690  2.90347  2.73739  3.18146  2.89801  2.37887  2.77519  2.98518  4.58477  3.61503
          0.01532  4.58208  5.30442  0.61958  0.77255  0.48831  0.95104
    117   3.93810  5.15275  5.73304  5.17547  3.01917  5.30349  5.51438  2.15133  5.03801  0.49767  3.07815  5.40581  5.31945  4.93197  5.01965  4.70295  4.14175  2.69594  5.51454  4.46418    495 L - - -
          2.68618  4.42225  2.77519  2.73123  3.46354  2.40513  3.72494  3.29354  2.67741  2.69355  4.24690  2.90347  2.73739  3.18146  2.89801  2.37887  2.77519  2.98518  4.58477  3.61503
          0.01532  4.58208  5.30442  0.61958  0.77255  0.48831  0.95104
    118   2.39928  4.52349  3.93934  3.80342  4.97261  3.15638  4.87385  4.44208  3.93623  4.14429  4.95178  3.80705  4.08825  4.18628  4.17717  0.51052  3.12639  3.73452  6.30576  5.12507    496 S - - -
          2.68618  4.42225  2.77519  2.73123  3.46354  2.40513  3.72494  3.29354  2.67741  2.69355  4.24690  2.90347  2.73739  3.18146  2.89801  2.37887  2.77519  2.98518  4.58477  3.61503
          0.01532  4.58208  5.30442  0.61958  0.77255  0.48831  0.95104
    119   3.12486  5.33925  3.33243  2.87315  4.70450  3.82191  3.90241  4.04979  0.81709  3.00523  4.45704  3.35798  4.23113  3.04452  2.57286  3.17886  3.37957  3.73406  5.71369  4.46859    497 k - - -
          2.68618  4.42225  2.77519  2.73123  3.46354  2.40513  3.72494  3.29354  2.67741  2.69355  4.24690  2.90347  2.73739  3.18146  2.89801  2.37887  2.77519  2.98518  4.58477  3.61503
          0.01532  4.58208  5.30442  0.61958  0.77255  0.48831  0.95104
    120   2.95177  3.79823  4.99902  4.40876  2.72333  4.38302  4.72114  2.07698  4.24459  0.89119  3.21250  4.50126  4.67360  4.34873  4.29390  3.70941  3.38844  2.30416  5.13134  4.00123    498 l - - -
          2.68618  4.42225  2.77519  2.73123  3.46354  2.40513  3.72494  3.29354  2.67741  2.69355  4.24690  2.90347  2.73739  3.18146  2.89801  2.37887  2.77519  2.98518  4.58477  3.61503
          0.01532  4.58208  5.30442  0.61958  0.77255  0.48831  0.95104
    121   1.69047  4.68434  3.33088  2.78061  3.93565  3.58010  3.88169  3.13488  2.76100  2.94594  3.84069  3.08872  3.31197  3.09577  3.18396  1.85313  2.96394  2.94670  5.29412  3.68018    499 a - - -
          2.68618  4.42225  2.77519  2.73123  3.46354  2.40513  3.72494  3.29354  2.67741  2.69355  4.24690  2.90347  2.73739  3.18146  2.89801  2.37887  2.77519  2.98518  4.58477  3.61503
          0.01532  4.58208  5.30442  0.61958  0.77255  0.48831  0.95104
    122   3.44413  5.45740  3.91274  3.28781  5.07380  3.40898  4.02758  4.42692  2.17291  3.85138  4.74150  3.63729  4.41805  3.17421  0.63973  3.46545  3.64467  4.08860  5.84216  4.72630    500 R - - -
          2.68618  4.42219  2.77520  2.73124  3.46353  2.40513  3.72492  3.29353  2.67741  2.69355  4.24685  2.90347  2.73740  3.18146  2.89801  2.37887  2.77520  2.98518  4.58469  3.61501
          0.11386  2.51567  3.61915  0.32481  1.28252  0.48831  0.95104
    123   3.32841  4.64718  5.40254  4.89211  3.87918  4.90594  5.47933  1.17357  4.79696  1.83368  3.65989  5.03644  5.15079  5.00063  4.92620  4.29643  3.48830  1.12508  5.85834  4.67768    502 v - - -
          2.68618  4.42225  2.77519  2.73123  3.46354  2.40513  3.72494  3.29354  2.67741  2.69355  4.24690  2.90347  2.73739  3.18146  2.89801  2.37887  2.77519  2.98518  4.58477  3.61503
          0.01566  4.56000  5.28235  0.61958  0.77255  0.52795  0.89114
    124   1.64442  4.35194  4.17801  3.63232  3.61760  3.81562  4.33826  2.36592  3.54293  2.59054  3.57880  3.86545  4.27508  3.80186  3.78783  2.98819  2.46892  1.49300  5.15439  3.95105    503 v - - -
          2.68618  4.42225  2.77519  2.73123  3.46354  2.40513  3.72494  3.29354  2.67741  2.69355  4.24690  2.90347  2.73739  3.18146  2.89801  2.37887  2.77519  2.98518  4.58477  3.61503
          0.01566  4.56000  5.28235  0.61958  0.77255  0.52658  0.89311
    125   2.82777  5.35272  1.94962  1.60238  4.68825  3.50313  3.12807  4.17861  2.23806  3.65170  4.40315  2.81391  3.94416  2.81093  2.82408  2.74915  3.06596  3.73967  5.78185  4.35764    504 e - - -
          2.68618  4.42225  2.77519  2.73123  3.46354  2.40513  3.72494  3.29354  2.67741  2.69355  4.24690  2.90347  2.73739  3.18146  2.89801  2.37887  2.77519  2.98518  4.58477  3.61503
          0.01566  4.56046  5.28281  0.61958  0.77255  0.46073  0.99648
    126   2.67334  4.21466  4.07701  3.49468  3.10071  3.53165  3.70048  2.12421  3.38935  2.36939  2.73246  3.77229  4.18457  3.01907  3.63027  2.71263  2.65542  1.80454  4.52605  3.42784    505 v - - -
          2.68618  4.42225  2.77519  2.73123  3.46354  2.40513  3.72494  3.29354  2.67741  2.69355  4.24690  2.90347  2.73739  3.18146  2.89801  2.37887  2.77519  2.98518  4.58477  3.61503
          0.03458  4.58345  3.73918  0.61958  0.77255  0.48576  0.95510
    127   2.95477  3.74658  4.62960  4.08853  1.25850  4.11171  4.05847  2.81741  3.92485  2.43778  3.52366  4.10724  4.46858  4.05518  4.00755  3.33126  3.26540  2.56304  4.41405  1.85043    506 f - - -
          2.68618  4.42225  2.77519  2.73123  3.46354  2.40513  3.72494  3.29354  2.67741  2.69355  4.24690  2.90347  2.73739  3.18146  2.89801  2.37887  2.77519  2.98518  4.58477  3.61503
          0.01559  4.56446  5.28681  0.61958  0.77255  0.52014  0.90248
    128   0.92589  4.44627  4.09583  3.80930  4.80521  3.11554  4.77598  4.22500  3.82788  3.92701  4.72954  3.78650  4.03635  4.07691  4.08974  1.32563  3.03900  3.47797  6.15083  4.98360    507 a - - -
          2.68618  4.42225  2.77519  2.73123  3.46354  2.40513  3.72494  3.29354  2.67741  2.69355  4.24690  2.90347  2.73739  3.18146  2.89801  2.37887  2.77519  2.98518  4.58477  3.61503
          0.01559  4.56446  5.28681  0.61958  0.77255  0.52014  0.90248
    129   2.94879  3.53566  3.43328  2.79024  4.61216  3.75324  3.74691  4.00023  1.51804  3.45244  4.31981  3.26088  4.12033  2.78209  1.46225  2.90497  3.21306  3.65696  5.62144  4.36204    508 r - - -
          2.68618  4.42225  2.77519  2.73123  3.46354  2.40513  3.72494  3.29354  2.67741  2.69355  4.24690  2.90347  2.73739  3.18146  2.89801  2.37887  2.77519  2.98518  4.58477  3.61503
          0.01984  4.55837  4.69203  0.61958  0.77255  0.52014  0.90248
    130   3.46211  5.53939  3.97052  3.20864  5.10670  4.03318  3.89815  4.40677  1.74383  3.78932  4.66798  3.56472  4.38573  3.02776  0.79552  3.09512  3.60424  4.08579  5.77699  4.66487    509 r - - -
          2.68618  4.42225  2.77519  2.73123  3.46354  2.40513  3.72494  3.29354  2.67741  2.69355  4.24690  2.90347  2.73739  3.18146  2.89801  2.37887  2.77519  2.98518  4.58477  3.61503
          0.01576  4.55428  5.27663  0.61958  0.77255  0.52726  0.89214
    131   3.03208  4.51894  4.42015  3.87714  2.97652  4.10620  4.46240  2.62976  3.74974  0.87185  3.28552  4.10953  3.22058  3.97243  3.93793  3.42756  3.01842  2.58946  5.07577  3.88077    510 l - - -
          2.68618  4.42225  2.77519  2.73123  3.46354  2.40513  3.72494  3.29354  2.67741  2.69355  4.24690  2.90347  2.73739  3.18146  2.89801  2.37887  2.77519  2.98518  4.58477  3.61503
          0.01576  4.55428  5.27663  0.61958  0.77255  0.51531  0.90960
    132   3.13684  5.20768  3.27889  2.97720  4.38087  3.71807  4.08976  3.77469  2.67441  3.52333  4.51419  3.41892  4.25880  0.77743  2.94923  3.12225  3.43557  3.70661  5.67788  4.30362    511 q - - -
          2.68329  4.38816  2.78143  2.73240  3.45681  2.40948  3.71137  3.29383  2.68637  2.68385  4.23100  2.90852  2.74199  3.18004  2.89989  2.37904  2.78271  2.97882  4.56199  3.61579
          0.35086  1.23502  5.28072  5.37440  0.00464  0.46485  0.98948
    133   3.38162  4.67824  5.35028  4.83618  3.86918  4.90073  5.46019  1.80860  4.73535  1.99686  3.49873  5.00843  5.14859  4.95052  4.88388  4.28772  3.57662  0.70956  5.86082  4.68329    912 v - - -
          2.68618  4.42225  2.77519  2.73123  3.46354  2.40513  3.72494  3.29354  2.67741  2.69355  4.24690  2.90347  2.73739  3.18146  2.89801  2.37887  2.77519  2.98518  4.58477  3.61503
          0.01539  4.57748  5.29982  0.61958  0.77255  0.48576  0.95510
    134   3.08784  5.19579  3.23126  2.90122  4.49994  3.31442  4.06123  4.04441  2.68217  3.19478  4.49804  3.36556  4.21597  0.83521  2.98941  3.12487  3.37370  3.71171  5.72621  4.39327    913 q - - -
          2.68618  4.42225  2.77519  2.73123  3.46354  2.40513  3.72494  3.29354  2.67741  2.69355  4.24690  2.90347  2.73739  3.18146  2.89801  2.37887  2.77519  2.98518  4.58477  3.61503
          0.01539  4.57748  5.29982  0.61958  0.77255  0.48576  0.95510
    135   3.35707  5.71529  2.63800  0.56685  5.12674  3.61749  4.24685  4.66631  3.20816  4.21633  5.13196  3.17949  4.27242  3.43987  3.70086  3.11644  3.68579  4.25061  6.30708  4.87099    914 E - - -
          2.68618  4.42225  2.77519  2.73123  3.46354  2.40513  3.72494  3.29354  2.67741  2.69355  4.24690  2.90347  2.73739  3.18146  2.89801  2.37887  2.77519  2.98518  4.58477  3.61503
          0.01539  4.57748  5.29982  0.61958  0.77255  0.48576  0.95510
    136   3.08834  5.36850  2.68124  2.72997  4.71022  3.72097  3.75590  4.15696  2.35989  3.47935  4.47062  3.16942  4.14950  2.99979  0.97109  3.06602  3.30336  3.79711  5.73783  4.43762    915 r - - -
          2.68618  4.42225  2.77519  2.73123  3.46354  2.40513  3.72494  3.29354  2.67741  2.69355  4.24690  2.90347  2.73739  3.18146  2.89801  2.37887  2.77519  2.98518  4.58477  3.61503
          0.01539  4.57748  5.29982  0.61958  0.77255  0.48576  0.95510
    137   3.06770  4.45952  4.72732  3.88403  3.20132  4.23950  4.55123  2.12396  3.98602  0.94917  2.54604  4.29254  3.91591  4.13533  4.09096  3.54907  3.29475  2.46872  5.04690  3.91407    916 l - - -
          2.68618  4.42225  2.77519  2.73123  3.46354  2.40513  3.72494  3.29354  2.67741  2.69355  4.24690  2.90347  2.73739  3.18146  2.89801  2.37887  2.77519  2.98518  4.58477  3.61503
          0.01539  4.57748  5.29982  0.61958  0.77255  0.48576  0.95510
    138   2.61801  4.54744  3.74106  3.43122  4.52379  3.22743  4.49408  3.90251  3.44626  3.61783  4.46100  3.12778  4.07014  3.76853  3.75802  2.64674  0.74040  3.19732  5.88143  4.65883    917 t - - -
          2.68618  4.42225  2.77519  2.73123  3.46354  2.40513  3.72494  3.29354  2.67741  2.69355  4.24690  2.90347  2.73739  3.18146  2.89801  2.37887  2.77519  2.98518  4.58477  3.61503
          0.01539  4.57748  5.29982  0.61958  0.77255  0.48576  0.95510
    139   2.74870  5.24677  3.07005  2.36067  4.59723  3.55968  3.05128  3.91777  1.76768  3.50623  4.29295  2.81178  3.78936  2.71238  1.85800  2.67736  2.96614  3.60127  5.65968  4.28707    918 k - - -
          2.68618  4.42225  2.77519  2.73123  3.46354  2.40513  3.72494  3.29354  2.67741  2.69355  4.24690  2.90347  2.73739  3.18146  2.89801  2.37887  2.77519  2.98518  4.58477  3.61503
          0.01539  4.57748  5.29982  0.61958  0.77255  0.48576  0.95510
    140   2.81735  5.24573  2.54379  2.25811  4.55147  3.53052  3.76286  4.01875  2.51902  3.41767  4.30468  2.98152  3.95720  1.32773  2.99493  2.78655  2.97939  3.61967  5.08747  4.29695    919 q - - -
          2.68618  4.42225  2.77519  2.73123  3.46354  2.40513  3.72494  3.29354  2.67741  2.69355  4.24690  2.90347  2.73739  3.18146  2.89801  2.37887  2.77519  2.98518  4.58477  3.61503
          0.03480  4.57748  3.73321  0.61958  0.77255  0.48576  0.95510
    141   3.43695  4.20602  5.46069  4.97118  3.99098  4.97143  5.63301  0.81503  4.89057  2.37677  3.75521  5.11954  5.22294  5.12659  5.04365  4.38099  3.69611  1.29236  6.01173  4.80327    920 i - - -
          2.68618  4.42225  2.77519  2.73123  3.46354  2.40513  3.72494  3.29354  2.67741  2.69355  4.24690  2.90347  2.73739  3.18146  2.89801  2.37887  2.77519  2.98518  4.58477  3.61503
          0.02538  4.55837  4.22829  0.61958  0.77255  0.52014  0.90248
    142   0.72601  3.34785  4.25656  3.82597  4.15441  3.40625  4.59936  3.28500  3.63834  2.93327  4.12069  3.84763  4.11122  3.98772  3.93469  2.80636  3.04002  2.92873  5.63186  4.43902    921 a - - -
          2.68618  4.42225  2.77519  2.73123  3.46354  2.40513  3.72494  3.29354  2.67741  2.69355  4.24690  2.90347  2.73739  3.18146  2.89801  2.37887  2.77519  2.98518  4.58477  3.61503
          0.01584  4.54884  5.27118  0.61958  0.77255  0.53662  0.87880
    143   2.68997  5.10667  2.45925  1.72244  4.34296  3.50536  3.47816  3.76390  2.43266  2.85187  3.81082  2.72755  3.89802  2.75721  2.93772  2.67938  2.86072  3.00993  5.48258  4.14984    922 e - - -
          2.68618  4.42225  2.77519  2.73123  3.46354  2.40513  3.72494  3.29354  2.67741  2.69355  4.24690  2.90347  2.73739  3.18146  2.89801  2.37887  2.77519  2.98518  4.58477  3.61503
          0.01584  4.54884  5.27118  0.61958  0.77255  0.53662  0.87880
    144   1.39723  4.31046  3.51221  2.81534  3.57059  3.66078  3.92610  2.94074  2.88534  2.64551  3.47254  3.37468  4.05158  3.22272  3.28194  2.80789  2.48270  2.77044  5.08452  3.74504    923 a - - -
          2.68618  4.42225  2.77519  2.73123  3.46354  2.40513  3.72494  3.29354  2.67741  2.69355  4.24690  2.90347  2.73739  3.18146  2.89801  2.37887  2.77519  2.98518  4.58477  3.61503
          0.01584  4.54884  5.27118  0.61958  0.77255  0.53662  0.87880
    145   3.25952  4.63287  5.33920  4.80118  3.51021  4.80216  5.28028  1.46633  4.68634  1.58040  3.34929  4.93018  5.04241  4.83227  4.77583  4.17238  3.61796  1.11611  5.63547  4.49173    924 v - - -
          2.68618  4.42224  2.77519  2.73123  3.46354  2.40513  3.72494  3.29354  2.67741  2.69355  4.24689  2.90347  2.73739  3.18146  2.89801  2.37887  2.77519  2.98518  4.58475  3.61503
          0.05741  3.75749  3.42801  0.53391  0.88263  0.53662  0.87880
    146   2.66676  4.82791  2.83784  2.16756  4.03444  3.50759  3.55138  3.73925  2.34822  3.27484  3.56992  2.80014  3.89912  2.59159  2.94060  2.22475  2.62319  3.23015  5.20109  2.93097    926 e - - -
          2.68618  4.42225  2.77519  2.73123  3.46354  2.40513  3.72494  3.29354  2.67741  2.69355  4.24690  2.90347  2.73739  3.18146  2.89801  2.37887  2.77519  2.98518  4.58477  3.61503
          0.01629  4.52114  5.24349  0.61958  0.77255  0.58219  0.81797
    147   2.41965  5.18331  2.86180  1.86904  4.51087  3.46887  3.62049  3.98495  2.25696  3.48121  4.23019  2.95960  3.34714  2.63068  2.88668  2.08637  2.66528  3.51451  5.62684  4.22576    927 e - - -
          2.68618  4.42225  2.77519  2.73123  3.46354  2.40513  3.72494  3.29354  2.67741  2.69355  4.24690  2.90347  2.73739  3.18146  2.89801  2.37887  2.77519  2.98518  4.58477  3.61503
          0.16894  4.52114  1.93406  0.61958  0.77255  0.58219  0.81797
    148   2.05549  4.18022  3.93678  3.18854  3.29041  3.72162  3.91763  2.09708  3.10863  2.02145  3.22386  3.63138  4.09353  3.50951  3.44743  2.99664  2.83082  2.20775  4.78690  3.15201    928 l - - -
          2.68618  4.42225  2.77519  2.73123  3.46354  2.40513  3.72494  3.29354  2.67741  2.69355  4.24690  2.90347  2.73739  3.18146  2.89801  2.37887  2.77519  2.98518  4.58477  3.61503
          0.01895  4.37116  5.09351  0.61958  0.77255  0.44858  1.01759
    149   2.81743  4.21418  4.57356  3.97555  2.61653  3.97901  4.30196  2.12971  3.80783  1.30213  3.21911  4.06857  4.32795  3.80103  3.88908  3.18588  2.81716  2.05225  4.83497  3.59591    929 l - - -
          2.68618  4.42225  2.77519  2.73123  3.46354  2.40513  3.72494  3.29354  2.67741  2.69355  4.24690  2.90347  2.73739  3.18146  2.89801  2.37887  2.77519  2.98518  4.58477  3.61503
          0.01629  4.52114  5.24349  0.61958  0.77255  0.58219  0.81797
    150   2.66378  5.13688  2.86148  2.28436  4.25960  3.09808  3.64894  3.87363  2.11987  2.96358  4.21464  2.50525  3.87866  2.49068  2.31498  2.50874  2.92114  3.34517  5.61266  4.21393    930 k - - -
          2.68618  4.42225  2.77519  2.73123  3.46354  2.40513  3.72494  3.29354  2.67741  2.69355  4.24690  2.90347  2.73739  3.18146  2.89801  2.37887  2.77519  2.98518  4.58477  3.61503
          0.01629  4.52114  5.24349  0.61958  0.77255  0.50548  0.92437
    151   2.61852  4.47079  3.15840  2.60252  4.08188  2.58453  3.40002  3.02875  2.59065  3.11119  3.93605  3.07983  2.12275  2.60653  3.02168  2.58744  2.85097  3.15102  5.37418  4.05420    931 p - - -
          2.68618  4.42225  2.77519  2.73123  3.46354  2.40513  3.72494  3.29354  2.67741  2.69355  4.24690  2.90347  2.73739  3.18146  2.89801  2.37887  2.77519  2.98518  4.58477  3.61503
          0.09627  4.54884  2.51085  0.61958  0.77255  0.53662  0.87880
    152   2.42401  5.09175  2.94191  2.36270  4.39481  2.72522  3.59686  3.81339  2.26869  3.01948  4.05411  2.83770  3.87428  2.52705  2.23346  2.63210  2.72141  3.27260  5.54980  4.16758    932 r - - -
          2.68630  4.42074  2.77529  2.73134  3.46325  2.40534  3.72443  3.29337  2.67754  2.69367  4.24571  2.90351  2.73750  3.18136  2.89805  2.37909  2.77529  2.98519  4.58291  3.61462
          0.08847  2.53692  5.19207  2.76119  0.06530  0.43555  1.04103
    153   2.92303  5.28189  2.24011  2.47441  4.58369  1.32581  3.82581  4.06369  2.76573  3.61429  4.42249  2.74362  4.02353  3.04296  3.27753  2.68714  3.18610  3.68121  5.80111  3.55580    962 g - - -
          2.68618  4.42225  2.77519  2.73123  3.46354  2.40513  3.72494  3.29354  2.67741  2.69355  4.24690  2.90347  2.73739  3.18146  2.89801  2.37887  2.77519  2.98518  4.58477  3.61503
          0.01569  4.55837  5.28072  0.61958  0.77255  0.52014  0.90248
    154   2.75011  4.35119  4.91173  4.40301  3.86867  3.99944  5.00745  1.85219  4.28620  2.60020  3.73249  4.52422  4.75611  4.53426  4.45613  3.71308  3.40181  0.74753  5.61691  4.40862    963 v - - -
          2.68618  4.42225  2.77519  2.73123  3.46354  2.40513  3.72494  3.29354  2.67741  2.69355  4.24690  2.90347  2.73739  3.18146  2.89801  2.37887  2.77519  2.98518  4.58477  3.61503
          0.01569  4.55837  5.28072  0.61958  0.77255  0.52014  0.90248
    155   2.03510  4.31391  3.82388  3.25022  3.39635  2.91228  3.84542  2.09180  2.91123  2.51617  2.28646  3.58529  4.12425  3.36757  3.46405  3.01175  2.94660  2.52323  4.91176  3.61604    964 a - - -
          2.68618  4.42225  2.77519  2.73123  3.46354  2.40513  3.72494  3.29354  2.67741  2.69355  4.24690  2.90347  2.73739  3.18146  2.89801  2.37887  2.77519  2.98518  4.58477  3.61503
          0.01569  4.55837  5.28072  0.61958  0.77255  0.52014  0.90248
    156   3.21749  4.14902  5.16708  4.78476  4.10574  4.32415  5.43776  2.12087  4.63579  2.69726  3.95154  4.77099  4.87704  4.92326  4.78145  3.80566  3.58190  0.53273  6.00477  4.76637    965 V - - -
          2.68618  4.42225  2.77519  2.73123  3.46354  2.40513  3.72494  3.29354  2.67741  2.69355  4.24690  2.90347  2.73739  3.18146  2.89801  2.37887  2.77519  2.98518  4.58477  3.61503
          0.01569  4.55837  5.28072  0.61958  0.77255  0.52014  0.90248
    157   2.69071  4.24732  4.32726  3.74474  3.38129  3.93503  4.26298  2.22899  3.46374  2.33634  3.08823  3.93803  4.30016  3.83869  3.78588  2.86351  2.93684  1.16542  4.92357  3.65933    966 v - - -
          2.68618  4.42225  2.77519  2.73123  3.46354  2.40513  3.72494  3.29354  2.67741  2.69355  4.24690  2.90347  2.73739  3.18146  2.89801  2.37887  2.77519  2.98518  4.58477  3.61503
          0.01569  4.55837  5.28072  0.61958  0.77255  0.52014  0.90248
    158   2.55574  3.13180  4.59711  4.00349  3.32475  3.72902  4.32857  1.84955  3.66536  2.35890  2.78093  4.08246  4.34062  4.00843  3.91657  3.28952  3.03912  1.37736  4.87889  3.69533    967 v - - -
          2.68618  4.42225  2.77519  2.73123  3.46354  2.40513  3.72494  3.29354  2.67741  2.69355  4.24690  2.90347  2.73739  3.18146  2.89801  2.37887  2.77519  2.98518  4.58477  3.61503
          0.01569  4.55837  5.28072  0.61958  0.77255  0.52014  0.90248
    159   2.77431  4.82222  2.48727  1.30540  4.54177  3.50562  3.73386  4.01101  2.47243  3.51892  4.28074  2.89761  3.92535  2.81927  2.87634  2.69141  3.00997  3.23115  5.67529  4.27472    968 e - - -
          2.68618  4.42225  2.77519  2.73123  3.46354  2.40513  3.72494  3.29354  2.67741  2.69355  4.24690  2.90347  2.73739  3.18146  2.89801  2.37887  2.77519  2.98518  4.58477  3.61503
          0.01569  4.55837  5.28072  0.61958  0.77255  0.52014  0.90248
    160   0.68093  3.43419  4.36233  4.02349  4.67650  2.51989  4.83384  4.08851  3.96088  3.80031  4.61509  3.86649  4.03010  4.18461  4.17307  2.24248  3.00853  3.48748  6.05708  4.91497    969 A - - -
          2.68618  4.42225  2.77519  2.73123  3.46354  2.40513  3.72494  3.29354  2.67741  2.69355  4.24690  2.90347  2.73739  3.18146  2.89801  2.37887  2.77519  2.98518  4.58477  3.61503
          0.01569  4.55837  5.28072  0.61958  0.77255  0.52014  0.90248
    161   2.42093  5.10938  3.01249  2.25076  4.40901  3.38447  3.02228  3.61456  2.25279  3.39521  4.16312  2.65440  3.90179  2.80039  2.94046  2.06888  2.49348  3.15417  5.57091  4.18979    970 s - - -
          2.68618  4.42225  2.77519  2.73123  3.46354  2.40513  3.72494  3.29354  2.67741  2.69355  4.24690  2.90347  2.73739  3.18146  2.89801  2.37887  2.77519  2.98518  4.58477  3.61503
          0.01569  4.55837  5.28072  0.61958  0.77255  0.52014  0.90248
    162   3.40278  5.23620  3.69406  3.47078  3.51011  3.93157  0.58701  4.13297  3.22223  3.60417  4.69488  3.81116  4.51541  3.78389  3.45847  3.49042  3.74765  3.55782  5.05874  3.45780    971 H - - -
          2.68618  4.42225  2.77519  2.73123  3.46354  2.40513  3.72494  3.29354  2.67741  2.69355  4.24690  2.90347  2.73739  3.18146  2.89801  2.37887  2.77519  2.98518  4.58477  3.61503
          0.01569  4.55837  5.28072  0.61958  0.77255  0.52014  0.90248
    163   2.72362  4.17148  4.29507  3.64727  3.20337  3.72646  4.15513  2.27991  3.44121  1.78575  1.90515  3.86725  4.21139  3.76674  3.70720  3.05927  2.44593  2.40693  4.78755  3.42185    972 l - - -
          2.68618  4.42225  2.77519  2.73123  3.46354  2.40513  3.72494  3.29354  2.67741  2.69355  4.24690  2.90347  2.73739  3.18146  2.89801  2.37887  2.77519  2.98518  4.58477  3.61503
          0.01569  4.55837  5.28072  0.61958  0.77255  0.52014  0.90248
    164   3.39181  0.39089  4.95067  4.63929  3.94916  4.01822  4.94667  3.73393  4.35078  3.39838  4.52855  4.58848  4.67260  4.69642  4.43334  3.67582  3.81565  3.51843  4.29500  4.09718    973 C - - -
          2.68618  4.42225  2.77519  2.73123  3.46354  2.40513  3.72494  3.29354  2.67741  2.69355  4.24690  2.90347  2.73739  3.18146  2.89801  2.37887  2.77519  2.98518  4.58477  3.61503
          0.01569  4.55837  5.28072  0.61958  0.77255  0.52014  0.90248
    165   2.87332  4.35490  4.30816  3.73896  3.37706  3.89549  4.30538  2.38018  3.58728  2.28900  1.19586  3.95842  4.34250  3.83980  3.77661  3.05817  3.11721  2.30646  4.98009  3.60543    974 m - - -
          2.68618  4.42225  2.77519  2.73123  3.46354  2.40513  3.72494  3.29354  2.67741  2.69355  4.24690  2.90347  2.73739  3.18146  2.89801  2.37887  2.77519  2.98518  4.58477  3.61503
          0.02060  4.55837  4.61460  0.61958  0.77255  0.52014  0.90248
    166   2.55743  4.20806  4.11090  3.52674  3.23990  3.80514  4.10374  1.90135  3.19154  2.29625  3.25747  3.31690  4.17557  3.61120  3.61818  2.75300  2.72434  1.73517  4.81936  3.35106    975 v - - -
          2.68618  4.42225  2.77519  2.73123  3.46354  2.40513  3.72494  3.29354  2.67741  2.69355  4.24690  2.90347  2.73739  3.18146  2.89801  2.37887  2.77519  2.98518  4.58477  3.61503
          0.01577  4.55354  5.27589  0.61958  0.77255  0.52854  0.89029
    167   2.30851  4.39026  3.79776  3.24330  3.60048  3.67921  4.09282  2.76810  3.17600  2.62776  1.93472  3.57830  4.12078  3.46771  3.48976  1.77102  2.89617  2.55525  5.07684  3.85872    976 s - - -
          2.68633  4.42047  2.77531  2.73136  3.46320  2.40538  3.72434  3.29334  2.67756  2.69369  4.24549  2.90351  2.73752  3.18135  2.89806  2.37912  2.77531  2.98519  4.58258  3.61455
          0.08166  2.75253  4.22346  2.99526  0.05132  0.52854  0.89029
    168   2.88260  4.85283  3.35526  2.75846  4.19388  3.65480  3.75740  3.62485  2.37279  3.22387  4.02756  3.21917  4.01121  2.91123  1.11719  2.92794  3.09011  3.33368  5.22309  4.11272   1018 r - - -
          2.68618  4.42225  2.77519  2.73123  3.46354  2.40513  3.72494  3.29354  2.67741  2.69355  4.24690  2.90347  2.73739  3.18146  2.89801  2.37887  2.77519  2.98518  4.58477  3.61503
          0.07208  4.54396  2.83172  0.61958  0.77255  0.48960  0.94899
    169   3.63870  5.30481  4.43470  4.42992  5.47433  0.19189  5.46062  5.27661  4.69210  4.82546  5.83778  4.60228  4.70768  4.96693  4.81399  3.83486  4.16490  4.68211  6.35568  5.61263   1019 G - - -
          2.68618  4.42225  2.77519  2.73123  3.46354  2.40513  3.72494  3.29354  2.67741  2.69355  4.24690  2.90347  2.73739  3.18146  2.89801  2.37887  2.77519  2.98518  4.58477  3.61503
          0.01649  4.50918  5.23153  0.61958  0.77255  0.60087  0.79481
    170   3.34064  4.60673  5.22875  4.71320  3.81261  4.77373  5.31030  1.36140  4.59459  2.23785  3.61795  4.87768  5.04403  4.47299  4.74243  4.15400  3.59295  0.88252  5.74858  4.55518   1020 v - - -
          2.68618  4.42225  2.77519  2.73123  3.46354  2.40513  3.72494  3.29354  2.67741  2.69355  4.24690  2.90347  2.73739  3.18146  2.89801  2.37887  2.77519  2.98518  4.58477  3.61503
          0.01649  4.50918  5.23153  0.61958  0.77255  0.60087  0.79481
    171   2.78328  5.25847  3.03884  1.71207  4.61408  3.55417  3.65253  4.07061  2.02830  3.54406  4.08018  3.00999  3.94898  1.90165  2.59292  2.77929  3.03577  3.65721  5.66169  4.29621   1021 e - - -
          2.68618  4.42225  2.77519  2.73123  3.46354  2.40513  3.72494  3.29354  2.67741  2.69355  4.24690  2.90347  2.73739  3.18146  2.89801  2.37887  2.77519  2.98518  4.58477  3.61503
          0.01649  4.50918  5.23153  0.61958  0.77255  0.60087  0.79481
    172   2.91906  5.42008  2.52319  2.26873  4.75905  3.52458  3.79584  4.23700  1.22760  3.70700  4.48154  2.52159  3.99068  2.70931  2.98907  2.83361  3.15700  3.81152  5.83135  4.42382   1022 k - - -
          2.68618  4.42225  2.77519  2.73123  3.46354  2.40513  3.72494  3.29354  2.67741  2.69355  4.24690  2.90347  2.73739  3.18146  2.89801  2.37887  2.77519  2.98518  4.58477  3.61503
          0.02340  4.50918  4.41285  0.61958  0.77255  0.60087  0.79481
    173   2.62084  4.36671  3.65146  2.98047  2.78888  3.69308  2.87645  2.48116  2.93616  2.47543  3.07026  3.46439  2.82087  3.16951  3.32200  2.83519  2.56576  2.38284  4.95475  3.72910   1023 v - - -
          2.68618  4.42225  2.77519  2.73123  3.46354  2.40513  3.72494  3.29354  2.67741  2.69355  4.24690  2.90347  2.73739  3.18146  2.89801  2.37887  2.77519  2.98518  4.58477  3.61503
          0.01660  4.50239  5.22473  0.61958  0.77255  0.59241  0.80518
    174   2.59185  5.18941  2.70024  2.35352  4.51629  2.16875  3.59068  3.99051  2.43179  3.48775  4.23864  2.44859  3.61131  2.72068  2.60469  2.34963  2.84190  3.57102  5.63461  4.23237   1024 g - - -
          2.68618  4.42225  2.77519  2.73123  3.46354  2.40513  3.72494  3.29354  2.67741  2.69355  4.24690  2.90347  2.73739  3.18146  2.89801  2.37887  2.77519  2.98518  4.58477  3.61503
          0.01649  4.50918  5.23153  0.61958  0.77255  0.60087  0.79481
    175   1.94584  4.81601  2.96315  2.70092  4.36985  2.78462  3.69777  3.80198  2.75866  3.40094  4.20469  3.17006  3.94742  3.08686  3.21377  1.43349  2.82695  3.35002  5.62626  4.29984   1025 s - - -
          2.68618  4.42225  2.77519  2.73123  3.46354  2.40513  3.72494  3.29354  2.67741  2.69355  4.24690  2.90347  2.73739  3.18146  2.89801  2.37887  2.77519  2.98518  4.58477  3.61503
          0.01649  4.50918  5.23153  0.61958  0.77255  0.60087  0.79481
    176   2.65285  5.06582  3.02209  2.44641  4.35608  3.50467  3.69553  3.70822  1.99711  3.28249  4.12285  2.55758  3.89629  2.79080  2.73827  1.94727  2.51147  3.32289  5.20061  4.07458   1026 s - - -
          2.68618  4.42225  2.77519  2.73123  3.46354  2.40513  3.72494  3.29354  2.67741  2.69355  4.24690  2.90347  2.73739  3.18146  2.89801  2.37887  2.77519  2.98518  4.58477  3.61503
          0.01649  4.50918  5.23153  0.61958  0.77255  0.60087  0.79481
    177   2.63296  4.30717  3.95211  3.41049  3.72090  3.73620  4.27059  2.62965  3.30671  2.50577  3.33862  3.71734  4.21705  3.62471  3.60989  3.06071  1.10616  2.50695  5.26561  4.04904   1027 t - - -
          2.68618  4.42225  2.77519  2.73123  3.46354  2.40513  3.72494  3.29354  2.67741  2.69355  4.24690  2.90347  2.73739  3.18146  2.89801  2.37887  2.77519  2.98518  4.58477  3.61503
          0.01649  4.50918  5.23153  0.61958  0.77255  0.60087  0.79481
    178   1.98977  3.81975  4.21664  3.63194  3.22538  3.83656  4.15660  2.19799  3.45667  2.29697  3.26855  3.83173  4.20805  3.72998  3.68751  2.95157  2.26864  1.79318  4.83109  3.63897   1028 v - - -
          2.68618  4.42225  2.77519  2.73123  3.46354  2.40513  3.72494  3.29354  2.67741  2.69355  4.24690  2.90347  2.73739  3.18146  2.89801  2.37887  2.77519  2.98518  4.58477  3.61503
          0.01649  4.50918  5.23153  0.61958  0.77255  0.60087  0.79481
    179   2.73404  4.74879  3.35547  2.90100  4.27814  3.49514  4.00923  3.66990  2.61059  3.30869  4.15270  3.31712  4.02963  3.20622  2.87616  2.30807  1.14351  3.31557  5.55966  4.29108   1029 t - - -
          2.68618  4.42225  2.77519  2.73123  3.46354  2.40513  3.72494  3.29354  2.67741  2.69355  4.24690  2.90347  2.73739  3.18146  2.89801  2.37887  2.77519  2.98518  4.58477  3.61503
          0.01649  4.50918  5.23153  0.61958  0.77255  0.60087  0.79481
    180   2.51023  4.22022  4.00838  3.34352  2.77450  3.77312  4.06627  2.12785  3.33091  2.41619  3.27747  3.69391  4.14558  3.57508  3.56038  1.90310  2.72422  2.34021  4.82813  2.99416   1030 s - - -
          2.68618  4.42225  2.77519  2.73123  3.46354  2.40513  3.72494  3.29354  2.67741  2.69355  4.24690  2.90347  2.73739  3.18146  2.89801  2.37887  2.77519  2.98518  4.58477  3.61503
          0.01649  4.50918  5.23153  0.61958  0.77255  0.60087  0.79481
    181   1.59438  3.08177  3.67738  3.15905  3.56152  3.60048  4.01995  2.89136  3.06811  2.64009  3.29700  3.50774  4.06987  3.38981  3.36479  2.56310  2.32795  2.52063  5.01978  3.79830   1031 a - - -
          2.68618  4.42225  2.77519  2.73123  3.46354  2.40513  3.72494  3.29354  2.67741  2.69355  4.24690  2.90347  2.73739  3.18146  2.89801  2.37887  2.77519  2.98518  4.58477  3.61503
          0.01649  4.50918  5.23153  0.61958  0.77255  0.60087  0.79481
    182   2.60288  4.18503  4.13521  3.54949  3.17908  3.79897  4.10033  2.62023  3.24537  2.23320  2.07441  3.76873  4.16877  3.65802  3.51721  2.66503  2.93321  1.70402  4.79741  3.38739   1032 v - - -
          2.68618  4.42225  2.77519  2.73123  3.46354  2.40513  3.72494  3.29354  2.67741  2.69355  4.24690  2.90347  2.73739  3.18146  2.89801  2.37887  2.77519  2.98518  4.58477  3.61503
          0.01649  4.50918  5.23153  0.61958  0.77255  0.60087  0.79481
    183   2.70100  4.16921  3.84162  3.23784  3.16452  3.48716  3.96401  2.71358  3.12234  1.47197  3.33608  3.58920  4.11528  3.45327  2.51676  3.00669  2.83375  2.53887  4.88277  3.25983   1033 l - - -
          2.68618  4.42225  2.77519  2.73123  3.46354  2.40513  3.72494  3.29354  2.67741  2.69355  4.24690  2.90347  2.73739  3.18146  2.89801  2.37887  2.77519  2.98518  4.58477  3.61503
          0.01649  4.50918  5.23153  0.61958  0.77255  0.60087  0.79481
    184   2.66473  4.73110  3.30048  2.97801  3.65446  0.98383  4.14040  3.68550  2.65543  3.35995  4.23559  3.37621  4.06852  3.37822  3.36063  2.88117  3.11692  3.33065  5.59892  4.29477   1034 g - - -
          2.68618  4.42225  2.77519  2.73123  3.46354  2.40513  3.72494  3.29354  2.67741  2.69355  4.24690  2.90347  2.73739  3.18146  2.89801  2.37887  2.77519  2.98518  4.58477  3.61503
          0.01649  4.50918  5.23153  0.61958  0.77255  0.60087  0.79481
    185   2.24582  3.44638  3.40248  2.81696  3.65844  3.57980  3.70017  2.87917  2.80514  2.42909  3.54345  3.32225  3.96988  2.63153  2.65257  2.83497  2.79798  2.18892  5.07629  3.82505   1035 v - - -
          2.68618  4.42225  2.77519  2.73123  3.46354  2.40513  3.72494  3.29354  2.67741  2.69355  4.24690  2.90347  2.73739  3.18146  2.89801  2.37887  2.77519  2.98518  4.58477  3.61503
          0.01649  4.50918  5.23153  0.61958  0.77255  0.60087  0.79481
    186   2.75556  4.33806  3.87385  2.98557  1.39618  3.78701  4.02597  2.69412  3.01546  2.41892  3.23415  3.62638  4.15880  3.35990  3.45810  3.05840  2.98622  2.58465  4.85658  3.51050   1036 f - - -
          2.68618  4.42225  2.77519  2.73123  3.46354  2.40513  3.72494  3.29354  2.67741  2.69355  4.24690  2.90347  2.73739  3.18146  2.89801  2.37887  2.77519  2.98518  4.58477  3.61503
          0.01649  4.50918  5.23153  0.61958  0.77255  0.60087  0.79481
    187   2.31617  4.95706  2.94654  2.30953  4.44032  3.30616  3.68381  3.89999  2.15484  3.16343  4.17952  2.91961  3.88849  2.76580  2.12253  2.15172  2.94129  3.50133  5.58003  4.19542   1037 r - - -
          2.68618  4.42225  2.77519  2.73123  3.46354  2.40513  3.72494  3.29354  2.67741  2.69355  4.24690  2.90347  2.73739  3.18146  2.89801  2.37887  2.77519  2.98518  4.58477  3.61503
          0.01882  4.50918  4.87480  0.61958  0.77255  0.60087  0.79481
    188   2.68250  5.16752  2.57560  2.05802  4.49361  3.48077  3.61201  3.90918  2.33585  3.36468  4.21346  2.81387  3.87514  2.65774  2.79635  2.10875  2.32428  3.46768  5.61147  3.86183   1038 e - - -
          2.68618  4.42225  2.77519  2.73123  3.46354  2.40513  3.72494  3.29354  2.67741  2.69355  4.24690  2.90347  2.73739  3.18146  2.89801  2.37887  2.77519  2.98518  4.58477  3.61503
          0.01653  4.50689  5.22924  0.61958  0.77255  0.59798  0.79833
    189   2.70173  5.25232  1.82142  2.25631  4.58749  3.48230  3.70013  4.07026  2.38434  3.55202  4.23910  2.40167  3.89781  2.66790  2.41378  2.57538  2.94109  3.60330  5.68687  4.27498   1039 d - - -
          2.68618  4.42225  2.77519  2.73123  3.46354  2.40513  3.72494  3.29354  2.67741  2.69355  4.24690  2.90347  2.73739  3.18146  2.89801  2.37887  2.77519  2.98518  4.58477  3.61503
          0.02602  4.50918  4.22163  0.61958  0.77255  0.60087  0.79481
    190   2.51597  5.06873  2.92749  2.34654  4.35926  3.44934  3.56499  3.71675  2.43795  3.11868  4.04737  2.95232  2.04530  2.50057  2.77382  2.44831  2.93502  3.42995  5.53529  4.16160   1040 p - - -
          2.68618  4.42220  2.77520  2.73123  3.46353  2.40513  3.72493  3.29353  2.67741  2.69355  4.24686  2.90347  2.73740  3.18146  2.89801  2.37887  2.77520  2.98518  4.58470  3.61502
          0.03301  3.60917  5.22216  0.83446  0.56936  0.58928  0.80906
    191   2.30387  5.15259  2.60872  2.37119  4.47372  3.48584  3.67616  3.83233  1.78456  3.28381  4.20086  2.88000  3.87973  2.78153  2.69953  2.36619  2.67585  3.48248  5.60012  4.20580   1046 k - - -
          2.68618  4.42225  2.77519  2.73123  3.46354  2.40513  3.72494  3.29354  2.67741  2.69355  4.24690  2.90347  2.73739  3.18146  2.89801  2.37887  2.77519  2.98518  4.58477  3.61503
          0.01649  4.50918  5.23153  0.61958  0.77255  0.60087  0.79481
    192   2.17422  4.07947  3.82685  3.26757  3.38104  3.75074  4.03670  2.60944  3.18069  2.21917  2.85278  3.55753  4.12581  3.49715  3.50094  2.92271  1.89591  2.20360  4.86942  3.66278   1047 t - - -
          2.68618  4.42225  2.77519  2.73123  3.46354  2.40513  3.72494  3.29354  2.67741  2.69355  4.24690  2.90347  2.73739  3.18146  2.89801  2.37887  2.77519  2.98518  4.58477  3.61503
          0.01649  4.50918  5.23153  0.61958  0.77255  0.60087  0.79481
    193   3.13013  5.39287  3.50693  2.68737  4.82721  3.81054  3.15487  4.19745  1.82903  3.62963  4.45277  3.29634  4.16760  2.75247  1.12616  3.02980  3.30720  3.62443  5.68478  4.45968   1048 r - - -
          2.68618  4.42225  2.77519  2.73123  3.46354  2.40513  3.72494  3.29354  2.67741  2.69355  4.24690  2.90347  2.73739  3.18146  2.89801  2.37887  2.77519  2.98518  4.58477  3.61503
          0.01649  4.50918  5.23153  0.61958  0.77255  0.60087  0.79481
    194   2.15255  5.15284  2.87779  1.91711  4.47368  3.29962  3.64098  3.89244  2.40411  3.34732  4.00229  2.67626  3.87771  2.71918  2.56453  2.43679  2.68440  3.53050  5.60039  4.20476   1049 e - - -
          2.68618  4.42225  2.77519  2.73123  3.46354  2.40513  3.72494  3.29354  2.67741  2.69355  4.24690  2.90347  2.73739  3.18146  2.89801  2.37887  2.77519  2.98518  4.58477  3.61503
          0.01649  4.50918  5.23153  0.61958  0.77255  0.60087  0.79481
    195   2.31875  4.49347  3.04782  1.73176  4.26688  3.51280  3.55269  3.70066  2.28504  2.82866  3.47020  3.02046  3.78899  2.76635  2.80681  2.61164  2.93356  3.34763  5.48087  4.12384   1050 e - - -
          2.68618  4.42225  2.77519  2.73123  3.46354  2.40513  3.72494  3.29354  2.67741  2.69355  4.24690  2.90347  2.73739  3.18146  2.89801  2.37887  2.77519  2.98518  4.58477  3.61503
          0.02008  4.50918  4.72469  0.61958  0.77255  0.60087  0.79481
    196   2.72182  4.26058  4.28641  3.71345  1.44722  3.90449  4.11799  2.59709  3.58198  2.26578  3.35004  3.33360  4.26966  3.78920  3.74498  3.19936  3.03863  2.02262  4.69124  3.14387   1051 f - - -
          2.68618  4.42225  2.77519  2.73123  3.46354  2.40513  3.72494  3.29354  2.67741  2.69355  4.24690  2.90347  2.73739  3.18146  2.89801  2.37887  2.77519  2.98518  4.58477  3.61503
          0.01655  4.50565  5.22800  0.61958  0.77255  0.60629  0.78828
    197   2.96354  4.34297  4.73008  4.13370  2.72538  3.92509  4.39919  2.35035  3.96177  0.97696  2.87843  4.21835  4.44847  4.08573  4.02234  3.43963  3.19055  2.49057  3.86219  3.58728   1052 l - - -
          2.68618  4.42225  2.77519  2.73123  3.46354  2.40513  3.72494  3.29354  2.67741  2.69355  4.24690  2.90347  2.73739  3.18146  2.89801  2.37887  2.77519  2.98518  4.58477  3.61503
          0.01655  4.50565  5.22800  0.61958  0.77255  0.60629  0.78828
    198   2.64676  4.81128  2.68230  2.33701  4.04759  3.44263  3.48760  3.95578  2.31712  3.40792  4.06673  2.78379  3.87395  2.20035  2.45276  2.39734  2.40769  3.53918  5.60463  4.20661   1053 q - - -
          2.68618  4.42225  2.77519  2.73123  3.46354  2.40513  3.72494  3.29354  2.67741  2.69355  4.24690  2.90347  2.73739  3.18146  2.89801  2.37887  2.77519  2.98518  4.58477  3.61503
          0.03744  4.50565  3.66138  0.61958  0.77255  0.60629  0.78828
    199   2.63262  4.36279  3.50195  2.93569  3.49646  3.45852  3.81466  2.91991  2.79485  1.64418  3.39796  3.13150  4.03173  3.17617  2.99507  2.37887  2.73069  2.73198  5.02990  3.72963   1054 l - - -
          2.68618  4.42225  2.77519  2.73123  3.46354  2.40513  3.72494  3.29354  2.67741  2.69355  4.24690  2.90347  2.73739  3.18146  2.89801  2.37887  2.77519  2.98518  4.58477  3.61503
          0.02510  4.48511  4.30390  0.61958  0.77255  0.63682  0.75284
    200   2.70928  3.74699  4.56995  3.96979  2.72483  3.91805  4.25393  1.54924  3.79150  2.02827  3.20657  4.03037  4.27702  3.95270  3.85611  2.86202  2.94344  1.87290  4.78787  3.50438   1055 i - - -
          2.68618  4.42225  2.77519  2.73123  3.46354  2.40513  3.72494  3.29354  2.67741  2.69355  4.24690  2.90347  2.73739  3.18146  2.89801  2.37887  2.77519  2.98518  4.58477  3.61503
          0.01875  4.47704  4.93243  0.61958  0.77255  0.64840  0.74000
    201   2.45427  4.46189  2.86100  2.40672  4.41938  3.25034  3.36122  3.88060  2.16326  3.14754  4.06576  2.61884  3.22497  2.67455  2.28625  2.60925  2.88028  3.17233  5.56479  4.17693   1056 k - - -
          2.68618  4.42225  2.77519  2.73123  3.46354  2.40513  3.72494  3.29354  2.67741  2.69355  4.24690  2.90347  2.73739  3.18146  2.89801  2.37887  2.77519  2.98518  4.58477  3.61503
          0.03701  4.47534  3.69116  0.61958  0.77255  0.65079  0.73738
    202   2.56535  4.97602  2.65267  2.08533  4.24120  3.29168  3.41081  3.83489  2.13792  3.37789  4.21185  2.58612  3.85540  2.64566  2.62928  2.38944  2.71135  3.46354  5.60757  4.15043   1057 e - - -
          2.68618  4.42225  2.77519  2.73123  3.46354  2.40513  3.72494  3.29354  2.67741  2.69355  4.24690  2.90347  2.73739  3.18146  2.89801  2.37887  2.77519  2.98518  4.58477  3.61503
          0.11487  4.45574  2.33398  0.61958  0.77255  0.67789  0.70864
    203   2.53490  5.06646  2.92294  2.39558  4.30993  3.34633  3.50739  3.82951  2.08695  3.35416  4.11880  2.66238  3.39170  2.72826  2.44558  2.42642  2.37411  3.37064  5.52342  3.98097   1058 k - - -
          2.68618  4.42225  2.77519  2.73123  3.46354  2.40513  3.72494  3.29354  2.67741  2.69355  4.24690  2.90347  2.73739  3.18146  2.89801  2.37887  2.77519  2.98518  4.58477  3.61503
          0.15346  4.36003  2.04420  0.61958  0.77255  0.79410  0.60146
    204   2.43604  4.48362  2.98764  2.46607  4.05267  3.19165  3.61676  3.42626  2.40904  2.81872  3.84876  2.83261  3.71041  2.48497  2.80579  2.44723  2.36002  3.08811  5.31913  3.98563   1059 t - - -
          2.68608  4.42185  2.77537  2.73127  3.46361  2.40507  3.72492  3.29353  2.67742  2.69361  4.24684  2.90330  2.73751  3.18156  2.89795  2.37872  2.77532  2.98527  4.58458  3.61511
          0.59088  0.80707        *  1.20774  0.35507  0.00000        *
//
