HMMER3/f [3.1b2 | February 2015]
NAME  PTHR43071.SF1.pir
LENG  179
ALPH  amino
RF    no
MM    yes
CONS  yes
CS    no
MAP   yes
DATE  Thu Oct 11 11:25:47 2018
NSEQ  36
EFFN  2.078613
CKSUM 3883879506
STATS LOCAL MSV      -10.3065  0.70677
STATS LOCAL VITERBI  -11.0013  0.70677
STATS LOCAL FORWARD   -4.9695  0.70677
HMM          A        C        D        E        F        G        H        I        K        L        M        N        P        Q        R        S        T        V        W        Y   
            m->m     m->i     m->d     i->m     i->i     d->m     d->d
  COMPO   2.59686  4.43205  2.86484  2.63971  3.45406  2.74487  3.67094  2.97388  2.70443  2.46752  3.84146  3.02013  2.97419  3.10819  2.83099  2.55268  2.81683  2.74123  4.71625  3.68869
          2.68618  4.42225  2.77519  2.73123  3.46354  2.40513  3.72494  3.29354  2.67741  2.69355  4.24690  2.90347  2.73739  3.18146  2.89801  2.37887  2.77519  2.98518  4.58477  3.61503
          0.01428  4.65218  5.37453  0.61958  0.77255  0.00000        *
      1   3.82535  5.27529  5.03937  4.76346  3.86032  4.52589  5.32031  3.13605  4.48917  2.38797  0.41611  4.92631  5.04327  4.83933  4.58726  4.22116  4.17528  3.22439  5.75080  4.56954      1 M - - -
          2.68398  4.40033  2.77908  2.73533  3.46103  2.41228  3.71286  3.28472  2.68155  2.68975  4.23401  2.90945  2.73427  3.18371  2.90189  2.38013  2.77304  2.98629  4.56295  3.61052
          0.97953  1.01119  1.34429  4.85631  0.00781  0.48576  0.95510
      2   2.64623  4.30761  3.62710  2.96586  3.43532  3.65103  3.91310  2.75246  2.72711  1.92078  2.88693  3.22830  2.81814  3.28763  3.31909  2.77614  2.87792  2.42143  3.80104  3.67344    264 l - - -
          2.68618  4.42225  2.77519  2.73123  3.46354  2.40513  3.72494  3.29354  2.67741  2.69355  4.24690  2.90347  2.73739  3.18146  2.89801  2.37887  2.77519  2.98518  4.58477  3.61503
          0.01924  4.35634  5.07869  0.61958  0.77255  0.30427  1.33811
      3   2.29808  5.22518  2.74432  1.97977  4.55747  3.52259  3.18799  3.68810  2.34686  3.43491  4.12014  2.57008  3.91629  2.54648  2.94224  2.66157  2.30932  3.60895  5.66548  4.26225    265 e - - -
          2.68618  4.42225  2.77519  2.73123  3.46354  2.40513  3.72494  3.29354  2.67741  2.69355  4.24690  2.90347  2.73739  3.18146  2.89801  2.37887  2.77519  2.98518  4.58477  3.61503
          0.01436  4.64646  5.36881  0.61958  0.77255  0.49706  0.93731
      4   2.79272  5.23218  3.07121  2.20874  4.56682  3.56551  3.73235  3.50439  2.17105  3.44340  4.27994  2.90396  3.95502  2.31768  1.73487  2.71365  2.76081  3.54203  5.66091  4.28237    266 r - - -
          2.68619  4.42207  2.77520  2.73124  3.46350  2.40515  3.72488  3.29352  2.67742  2.69356  4.24675  2.90347  2.73741  3.18145  2.89801  2.37889  2.77520  2.98518  4.58454  3.61498
          0.08343  2.58518  5.36881  0.91136  0.51413  0.49706  0.93731
      5   1.56277  2.61904  4.51327  4.02965  3.81519  3.61544  4.57673  2.91212  3.90509  2.86158  3.79876  4.01450  4.23573  4.11181  4.05807  2.58892  3.07860  1.31781  5.33387  4.15581    270 v - - -
          2.68618  4.42225  2.77519  2.73123  3.46354  2.40513  3.72494  3.29354  2.67741  2.69355  4.24690  2.90347  2.73739  3.18146  2.89801  2.37887  2.77519  2.98518  4.58477  3.61503
          0.01436  4.64646  5.36881  0.61958  0.77255  0.49706  0.93731
      6   2.46342  4.18998  4.43934  3.84316  1.94729  3.90121  4.21052  2.45305  3.14308  2.03399  3.29678  3.96136  4.26624  3.86982  3.79521  3.19957  2.99805  2.07003  4.79324  2.40543    271 f - - -
          2.68618  4.42225  2.77519  2.73123  3.46354  2.40513  3.72494  3.29354  2.67741  2.69355  4.24690  2.90347  2.73739  3.18146  2.89801  2.37887  2.77519  2.98518  4.58477  3.61503
          0.01436  4.64646  5.36881  0.61958  0.77255  0.49706  0.93731
      7   3.57543  4.78369  5.62001  5.12274  3.90590  5.13361  5.73803  1.05332  5.04085  1.67625  3.65612  5.27927  5.32798  5.20839  5.15534  4.54607  3.82459  1.22835  6.00478  4.85509    272 i - - -
          2.68618  4.42225  2.77519  2.73123  3.46354  2.40513  3.72494  3.29354  2.67741  2.69355  4.24690  2.90347  2.73739  3.18146  2.89801  2.37887  2.77519  2.98518  4.58477  3.61503
          0.01436  4.64646  5.36881  0.61958  0.77255  0.49706  0.93731
      8   1.05757  3.42605  4.15817  3.72560  4.54937  2.48035  4.64330  3.95649  3.67729  3.45668  4.47718  3.78667  4.08350  3.94408  3.97203  1.50881  3.05685  3.44706  5.92414  4.73619    273 a - - -
          2.68618  4.42225  2.77519  2.73123  3.46354  2.40513  3.72494  3.29354  2.67741  2.69355  4.24690  2.90347  2.73739  3.18146  2.89801  2.37887  2.77519  2.98518  4.58477  3.61503
          0.01436  4.64646  5.36881  0.61958  0.77255  0.49706  0.93731
      9   3.50863  4.78027  5.44267  4.87102  2.56205  4.84546  5.20054  2.02427  4.72548  1.05000  3.26591  4.98447  5.04559  4.76136  4.74444  4.20231  3.73441  1.41181  5.45433  4.36360    274 l - - -
          2.68618  4.42225  2.77519  2.73123  3.46354  2.40513  3.72494  3.29354  2.67741  2.69355  4.24690  2.90347  2.73739  3.18146  2.89801  2.37887  2.77519  2.98518  4.58477  3.61503
          0.01436  4.64646  5.36881  0.61958  0.77255  0.49706  0.93731
     10   3.25581  5.14380  3.91641  3.73730  5.16354  0.42308  4.83976  4.75800  3.59329  4.33019  5.22363  4.01951  4.49401  4.11762  2.76155  3.40028  3.71469  4.22374  6.25589  5.17023    275 G - - -
          2.68618  4.42225  2.77519  2.73123  3.46354  2.40513  3.72494  3.29354  2.67741  2.69355  4.24690  2.90347  2.73739  3.18146  2.89801  2.37887  2.77519  2.98518  4.58477  3.61503
          0.01436  4.64646  5.36881  0.61958  0.77255  0.49706  0.93731
     11   1.86296  4.52690  4.06773  3.70998  4.82929  2.93873  4.71653  4.26827  3.71803  3.93550  4.72768  3.77362  4.07996  3.98280  4.02574  0.86936  2.08051  3.63814  6.15373  4.96686    276 s - - -
          2.68618  4.42225  2.77519  2.73123  3.46354  2.40513  3.72494  3.29354  2.67741  2.69355  4.24690  2.90347  2.73739  3.18146  2.89801  2.37887  2.77519  2.98518  4.58477  3.61503
          0.01436  4.64646  5.36881  0.61958  0.77255  0.49706  0.93731
     12   3.30822  5.57822  2.81061  2.73684  4.92411  3.66613  4.22804  4.62405  3.04511  4.12403  5.01860  0.67846  4.29659  2.75963  3.43905  3.26944  3.63397  4.20022  6.13228  4.70504    277 N - - -
          2.68618  4.42225  2.77519  2.73123  3.46354  2.40513  3.72494  3.29354  2.67741  2.69355  4.24690  2.90347  2.73739  3.18146  2.89801  2.37887  2.77519  2.98518  4.58477  3.61503
          0.01436  4.64646  5.36881  0.61958  0.77255  0.49706  0.93731
     13   3.27228  4.59726  5.15899  4.56421  3.34969  4.51489  4.84547  1.58808  4.39351  1.11808  2.45904  4.64699  4.77933  4.46614  4.41767  3.84548  3.49734  2.11095  5.20570  3.41044    278 l - - -
          2.68618  4.42225  2.77519  2.73123  3.46354  2.40513  3.72494  3.29354  2.67741  2.69355  4.24690  2.90347  2.73739  3.18146  2.89801  2.37887  2.77519  2.98518  4.58477  3.61503
          0.04517  4.64646  3.36466  0.61958  0.77255  0.49706  0.93731
     14   2.83827  5.45543  2.56972  2.41206  4.83409  0.95217  4.05744  4.29472  2.78308  3.84595  4.68468  2.99593  4.14149  3.10752  3.47300  3.06769  3.39988  3.90422  6.04538  4.63399    279 g - - -
          2.68618  4.42225  2.77519  2.73123  3.46354  2.40513  3.72494  3.29354  2.67741  2.69355  4.24690  2.90347  2.73739  3.18146  2.89801  2.37887  2.77519  2.98518  4.58477  3.61503
          0.01480  4.61609  5.33844  0.61958  0.77255  0.46205  0.99422
     15   2.78339  5.26695  1.64360  2.15063  3.65438  3.52771  3.74136  4.07331  2.35402  3.56483  4.16958  2.43668  3.72762  2.74810  2.99216  2.68371  2.96377  3.64879  5.70772  4.29964    280 d - - -
          2.68618  4.42225  2.77519  2.73123  3.46354  2.40513  3.72494  3.29354  2.67741  2.69355  4.24690  2.90347  2.73739  3.18146  2.89801  2.37887  2.77519  2.98518  4.58477  3.61503
          0.01436  4.64646  5.36881  0.61958  0.77255  0.49706  0.93731
     16   2.85663  5.22212  3.27700  2.68928  4.58724  3.67560  3.80724  4.00537  2.01021  3.51666  4.31308  3.18950  2.80707  2.92890  1.36699  2.61706  3.14137  3.32743  5.65717  4.34626    281 r - - -
          2.68618  4.42225  2.77519  2.73123  3.46354  2.40513  3.72494  3.29354  2.67741  2.69355  4.24690  2.90347  2.73739  3.18146  2.89801  2.37887  2.77519  2.98518  4.58477  3.61503
          0.01436  4.64646  5.36881  0.61958  0.77255  0.49706  0.93731
     17   2.63736  4.90100  3.18149  2.33336  4.12694  3.49593  3.79554  3.42543  2.30701  2.27003  3.97567  3.13463  3.37965  2.69216  2.53661  2.79747  2.98020  2.31321  5.41158  3.92070    282 l - - -
          2.68618  4.42225  2.77519  2.73123  3.46354  2.40513  3.72494  3.29354  2.67741  2.69355  4.24690  2.90347  2.73739  3.18146  2.89801  2.37887  2.77519  2.98518  4.58477  3.61503
          0.01436  4.64646  5.36881  0.61958  0.77255  0.49706  0.93731
     18   1.86768  5.16410  2.94372  2.01492  4.47188  3.53462  3.24678  3.93199  2.20424  3.34639  4.21528  3.01826  3.92840  2.65939  2.96233  2.60859  2.82245  2.93938  5.61957  4.23274    283 a - - -
          2.68618  4.42225  2.77519  2.73123  3.46354  2.40513  3.72494  3.29354  2.67741  2.69355  4.24690  2.90347  2.73739  3.18146  2.89801  2.37887  2.77519  2.98518  4.58477  3.61503
          0.01436  4.64646  5.36881  0.61958  0.77255  0.49706  0.93731
     19   2.74621  5.01493  3.10596  2.37298  4.00773  3.56232  3.76137  3.48205  2.54227  3.28208  4.07982  1.85707  3.95318  2.48186  2.79215  2.76212  2.47645  2.83243  5.50304  3.60551    284 n - - -
          2.68618  4.42225  2.77519  2.73123  3.46354  2.40513  3.72494  3.29354  2.67741  2.69355  4.24690  2.90347  2.73739  3.18146  2.89801  2.37887  2.77519  2.98518  4.58477  3.61503
          0.01436  4.64646  5.36881  0.61958  0.77255  0.49706  0.93731
     20   3.40964  4.80262  5.47906  4.91095  3.32311  4.90106  5.28267  1.25984  4.77370  1.10368  2.83595  5.03995  5.08900  4.81010  4.79857  4.26281  3.76608  2.00684  5.52563  4.46255    285 l - - -
          2.68618  4.42225  2.77519  2.73123  3.46354  2.40513  3.72494  3.29354  2.67741  2.69355  4.24690  2.90347  2.73739  3.18146  2.89801  2.37887  2.77519  2.98518  4.58477  3.61503
          0.01436  4.64646  5.36881  0.61958  0.77255  0.49706  0.93731
     21   2.43439  5.21184  2.91011  2.30655  4.53886  3.05205  3.61715  4.01173  2.20575  3.06324  4.25753  2.82377  3.91952  2.55869  2.49585  2.64831  2.08893  3.59280  5.65508  4.25608    286 t - - -
          2.68618  4.42225  2.77519  2.73123  3.46354  2.40513  3.72494  3.29354  2.67741  2.69355  4.24690  2.90347  2.73739  3.18146  2.89801  2.37887  2.77519  2.98518  4.58477  3.61503
          0.05982  4.64646  3.02672  0.61958  0.77255  0.49706  0.93731
     22   2.50664  5.20428  2.88413  2.17090  4.53440  3.22651  3.69850  3.64327  2.21972  3.15637  4.24914  2.78248  3.90361  2.57706  2.01525  2.53675  2.81145  3.58692  5.64554  4.24484    287 r - - -
          2.68618  4.42225  2.77519  2.73123  3.46354  2.40513  3.72494  3.29354  2.67741  2.69355  4.24690  2.90347  2.73739  3.18146  2.89801  2.37887  2.77519  2.98518  4.58477  3.61503
          0.01502  4.60166  5.32401  0.61958  0.77255  0.57935  0.82157
     23   0.60356  3.66667  4.55593  4.19797  4.41638  3.39912  4.90284  3.35545  4.07922  3.39190  4.35742  4.02381  4.16781  4.31261  4.25320  2.85920  3.10627  2.56940  5.92453  4.76214    288 A - - -
          2.68618  4.42225  2.77519  2.73123  3.46354  2.40513  3.72494  3.29354  2.67741  2.69355  4.24690  2.90347  2.73739  3.18146  2.89801  2.37887  2.77519  2.98518  4.58477  3.61503
          0.01502  4.60166  5.32401  0.61958  0.77255  0.57935  0.82157
     24   2.24812  4.26544  4.55174  3.96391  3.16812  4.03545  4.37436  1.78139  3.81498  2.06266  3.36269  4.09552  4.39002  4.00710  3.32447  3.34111  3.09743  1.45912  4.95677  3.77233    289 v - - -
          2.68618  4.42225  2.77519  2.73123  3.46354  2.40513  3.72494  3.29354  2.67741  2.69355  4.24690  2.90347  2.73739  3.18146  2.89801  2.37887  2.77519  2.98518  4.58477  3.61503
          0.01502  4.60166  5.32401  0.61958  0.77255  0.57935  0.82157
     25   2.50294  5.21229  2.46233  2.35471  4.54537  3.50980  3.69774  4.02203  2.19717  3.32830  4.08617  2.93098  3.90335  2.62371  2.17824  2.09024  2.90809  3.49841  5.65164  4.24935    290 s - - -
          2.68618  4.42225  2.77519  2.73123  3.46354  2.40513  3.72494  3.29354  2.67741  2.69355  4.24690  2.90347  2.73739  3.18146  2.89801  2.37887  2.77519  2.98518  4.58477  3.61503
          0.01502  4.60166  5.32401  0.61958  0.77255  0.57935  0.82157
     26   2.44196  5.04259  3.06744  2.23365  4.11043  3.11893  3.60700  3.63161  2.18415  2.37778  4.10338  2.96374  3.92911  2.82175  2.46115  2.48250  2.90093  3.31121  5.52152  3.82980    291 k - - -
          2.68618  4.42225  2.77519  2.73123  3.46354  2.40513  3.72494  3.29354  2.67741  2.69355  4.24690  2.90347  2.73739  3.18146  2.89801  2.37887  2.77519  2.98518  4.58477  3.61503
          0.01502  4.60166  5.32401  0.61958  0.77255  0.57935  0.82157
     27   3.66006  4.91065  5.55629  4.98293  3.02406  5.01928  5.35497  2.02980  4.85095  0.73175  3.07457  5.14852  5.14869  4.82743  4.85739  4.38722  3.87714  1.87121  5.51076  4.48586    292 l - - -
          2.68618  4.42225  2.77519  2.73123  3.46354  2.40513  3.72494  3.29354  2.67741  2.69355  4.24690  2.90347  2.73739  3.18146  2.89801  2.37887  2.77519  2.98518  4.58477  3.61503
          0.05319  4.60166  3.17563  0.61958  0.77255  0.56107  0.84537
     28   2.15170  4.70586  3.00138  1.82157  4.46260  3.18104  3.07235  3.92586  2.30530  3.44104  4.19959  2.84124  3.90020  2.80635  2.72030  2.53132  2.90890  3.22268  5.60231  4.21252    293 e - - -
          2.68618  4.42225  2.77519  2.73123  3.46354  2.40513  3.72494  3.29354  2.67741  2.69355  4.24690  2.90347  2.73739  3.18146  2.89801  2.37887  2.77519  2.98518  4.58477  3.61503
          0.01550  4.57028  5.29262  0.61958  0.77255  0.63125  0.75912
     29   2.44668  5.22649  2.63011  1.68815  4.56449  3.39417  3.61273  4.04627  2.33600  3.32058  4.26973  2.60066  3.89465  2.70341  2.59510  2.57102  2.83778  3.61347  5.66258  4.25452    294 e - - -
          2.68618  4.42225  2.77519  2.73123  3.46354  2.40513  3.72494  3.29354  2.67741  2.69355  4.24690  2.90347  2.73739  3.18146  2.89801  2.37887  2.77519  2.98518  4.58477  3.61503
          0.05986  4.57028  3.04187  0.61958  0.77255  0.63125  0.75912
     30   2.07541  4.35400  3.33407  2.77202  3.78618  3.61208  3.35611  2.81520  2.74812  2.43121  3.57274  3.16033  3.25052  2.93443  2.80321  2.42628  2.70210  2.82449  5.16975  3.74817    295 a - - -
          2.68618  4.42225  2.77519  2.73123  3.46354  2.40513  3.72494  3.29354  2.67741  2.69355  4.24690  2.90347  2.73739  3.18146  2.89801  2.37887  2.77519  2.98518  4.58477  3.61503
          0.33096  4.52662  1.30583  0.61958  0.77255  0.69682  0.68949
     31   2.40751  4.85978  2.87873  2.45006  4.18467  2.37136  3.68101  3.42478  2.30221  3.19792  4.00022  2.89596  2.68668  2.82404  2.94115  2.49767  2.87332  3.25873  5.42049  4.07394    296 k - - -
          2.68627  4.42117  2.77526  2.73131  3.46333  2.40528  3.72458  3.29342  2.67750  2.69364  4.24605  2.90349  2.73747  3.18139  2.89804  2.37902  2.77526  2.98519  4.58344  3.61474
          0.25551  1.58487  3.88731  1.97132  0.14998  0.25633  1.48670
     32   2.70256  5.17739  2.72255  2.35551  4.23490  1.89422  3.72245  3.95458  2.23006  3.18789  4.22687  2.92437  3.13675  2.63647  2.92075  2.72410  2.97750  3.35227  5.62948  4.05215    313 g - - -
          2.68618  4.42225  2.77519  2.73123  3.46354  2.40513  3.72494  3.29354  2.67741  2.69355  4.24690  2.90347  2.73739  3.18146  2.89801  2.37887  2.77519  2.98518  4.58477  3.61503
          0.01440  4.64350  5.36585  0.61958  0.77255  0.50283  0.92840
     33   2.68913  2.55351  3.61044  3.76696  3.00516  3.56291  4.18642  2.11189  3.62198  1.93004  3.23417  3.76685  4.24020  3.81672  3.75207  2.89561  2.53519  2.07055  4.80203  3.61608    314 l - - -
          2.68618  4.42225  2.77519  2.73123  3.46354  2.40513  3.72494  3.29354  2.67741  2.69355  4.24690  2.90347  2.73739  3.18146  2.89801  2.37887  2.77519  2.98518  4.58477  3.61503
          0.01440  4.64350  5.36585  0.61958  0.77255  0.47524  0.97217
     34   2.29533  5.22356  3.00965  2.27685  3.80629  3.34358  3.19580  4.03082  1.92512  3.52261  4.09701  2.89071  3.51186  2.26908  2.59166  2.63583  2.92438  3.60689  5.66411  4.26246    315 k - - -
          2.68618  4.42225  2.77519  2.73123  3.46354  2.40513  3.72494  3.29354  2.67741  2.69355  4.24690  2.90347  2.73739  3.18146  2.89801  2.37887  2.77519  2.98518  4.58477  3.61503
          0.01428  4.65218  5.37453  0.61958  0.77255  0.48576  0.95510
     35   2.75373  4.01498  3.33719  3.42402  3.41051  3.81846  4.10544  2.10946  3.15506  1.72468  3.40925  3.71258  4.19103  3.58828  2.89248  3.02615  2.77601  1.98115  4.90408  3.70099    316 l - - -
          2.68618  4.42225  2.77519  2.73123  3.46354  2.40513  3.72494  3.29354  2.67741  2.69355  4.24690  2.90347  2.73739  3.18146  2.89801  2.37887  2.77519  2.98518  4.58477  3.61503
          0.01428  4.65218  5.37453  0.61958  0.77255  0.48576  0.95510
     36   2.75410  4.33234  3.75168  3.06624  3.44998  3.79867  4.07755  2.07395  3.02265  1.54480  3.44287  3.65484  4.17323  3.52330  3.41610  2.93626  2.41657  2.46351  4.93401  3.72531    317 l - - -
          2.68618  4.42225  2.77519  2.73123  3.46354  2.40513  3.72494  3.29354  2.67741  2.69355  4.24690  2.90347  2.73739  3.18146  2.89801  2.37887  2.77519  2.98518  4.58477  3.61503
          0.01428  4.65218  5.37453  0.61958  0.77255  0.48576  0.95510
     37   2.19057  5.17273  2.97689  2.48392  4.05768  2.36312  3.73104  3.94633  1.90840  3.46435  4.22601  2.91075  3.93384  2.78795  2.40124  2.64214  2.89987  3.54708  5.62751  4.24183    318 k - - -
          2.68618  4.42225  2.77519  2.73123  3.46354  2.40513  3.72494  3.29354  2.67741  2.69355  4.24690  2.90347  2.73739  3.18146  2.89801  2.37887  2.77519  2.98518  4.58477  3.61503
          0.01428  4.65218  5.37453  0.61958  0.77255  0.48576  0.95510
     38   2.40307  3.89024  3.91503  2.68816  3.13019  3.79583  4.07549  2.37549  3.12876  2.39234  3.43439  3.65590  4.16992  3.52602  3.41679  2.92526  1.95821  2.09275  4.92434  3.55060    319 t - - -
          2.68618  4.42225  2.77519  2.73123  3.46354  2.40513  3.72494  3.29354  2.67741  2.69355  4.24690  2.90347  2.73739  3.18146  2.89801  2.37887  2.77519  2.98518  4.58477  3.61503
          0.01428  4.65218  5.37453  0.61958  0.77255  0.48576  0.95510
     39   2.62279  4.56041  4.07232  3.86693  4.94564  3.32882  4.88257  4.37306  3.91178  4.08823  4.90722  3.86300  4.13404  4.18707  4.15858  0.56115  2.29244  3.71562  6.28795  5.10590    320 S - - -
          2.68618  4.42225  2.77519  2.73123  3.46354  2.40513  3.72494  3.29354  2.67741  2.69355  4.24690  2.90347  2.73739  3.18146  2.89801  2.37887  2.77519  2.98518  4.58477  3.61503
          0.01428  4.65218  5.37453  0.61958  0.77255  0.48576  0.95510
     40   2.58124  4.93766  3.20193  2.65215  4.31248  3.40770  3.84481  3.73736  2.62870  3.32799  4.12997  3.15274  2.86556  2.98998  1.98317  1.83158  2.62627  2.96805  5.55270  4.21820    321 s - - -
          2.68618  4.42225  2.77519  2.73123  3.46354  2.40513  3.72494  3.29354  2.67741  2.69355  4.24690  2.90347  2.73739  3.18146  2.89801  2.37887  2.77519  2.98518  4.58477  3.61503
          0.01428  4.65218  5.37453  0.61958  0.77255  0.48576  0.95510
     41   2.75455  4.15729  4.23743  3.45339  2.76175  3.90454  4.22785  2.09237  3.76313  1.54582  3.27058  4.00809  3.96177  3.92613  3.83207  3.20817  2.98665  1.94327  3.33450  3.48509    322 l - - -
          2.68618  4.42225  2.77519  2.73123  3.46354  2.40513  3.72494  3.29354  2.67741  2.69355  4.24690  2.90347  2.73739  3.18146  2.89801  2.37887  2.77519  2.98518  4.58477  3.61503
          0.01428  4.65218  5.37453  0.61958  0.77255  0.48576  0.95510
     42   3.17323  4.56982  4.66359  4.12707  2.32128  4.24068  4.12630  2.52646  3.97344  1.99647  3.56510  4.18503  4.57909  3.40700  4.08143  3.54853  3.40064  2.80186  4.47401  1.13651    323 y - - -
          2.68618  4.42225  2.77519  2.73123  3.46354  2.40513  3.72494  3.29354  2.67741  2.69355  4.24690  2.90347  2.73739  3.18146  2.89801  2.37887  2.77519  2.98518  4.58477  3.61503
          0.01428  4.65218  5.37453  0.61958  0.77255  0.48576  0.95510
     43   2.50731  5.17830  3.04742  1.40664  4.48963  3.55000  3.62958  3.38274  2.27820  3.46541  4.03007  2.89808  3.94340  2.84720  2.61464  2.71337  2.99809  3.55108  5.62831  4.24738    324 e - - -
          2.68618  4.42225  2.77519  2.73123  3.46354  2.40513  3.72494  3.29354  2.67741  2.69355  4.24690  2.90347  2.73739  3.18146  2.89801  2.37887  2.77519  2.98518  4.58477  3.61503
          0.01428  4.65218  5.37453  0.61958  0.77255  0.48576  0.95510
     44   2.33389  4.58959  3.82451  3.46466  4.68657  3.36279  4.54390  4.10648  3.49692  3.77464  4.58648  3.27203  4.08667  3.79023  3.84054  1.55528  1.03144  3.56656  6.01236  4.79005    325 t - - -
          2.68618  4.42225  2.77519  2.73123  3.46354  2.40513  3.72494  3.29354  2.67741  2.69355  4.24690  2.90347  2.73739  3.18146  2.89801  2.37887  2.77519  2.98518  4.58477  3.61503
          0.01428  4.65218  5.37453  0.61958  0.77255  0.48576  0.95510
     45   2.51357  5.28173  2.42110  1.58051  4.61762  3.52797  3.73860  4.10013  2.35102  3.58314  4.32817  2.99681  2.79135  2.84088  2.71992  2.70205  2.83848  3.66809  5.71879  4.30775    326 e - - -
          2.68618  4.42225  2.77519  2.73123  3.46354  2.40513  3.72494  3.29354  2.67741  2.69355  4.24690  2.90347  2.73739  3.18146  2.89801  2.37887  2.77519  2.98518  4.58477  3.61503
          0.01428  4.65218  5.37453  0.61958  0.77255  0.48576  0.95510
     46   2.42930  4.67548  3.88936  3.58188  4.35336  3.54601  4.58567  3.59355  3.51668  2.70944  4.34585  3.79328  0.77537  3.89020  3.79583  3.00063  3.24444  3.27709  5.82590  4.57843    327 p - - -
          2.68618  4.42225  2.77519  2.73123  3.46354  2.40513  3.72494  3.29354  2.67741  2.69355  4.24690  2.90347  2.73739  3.18146  2.89801  2.37887  2.77519  2.98518  4.58477  3.61503
          0.01428  4.65218  5.37453  0.61958  0.77255  0.48576  0.95510
     47   2.76681  4.15551  4.63253  4.02415  2.70980  3.92651  4.25260  2.25059  3.22266  2.00587  2.21956  4.05592  4.28866  3.97779  3.87247  3.23397  2.99871  1.94533  2.70196  3.34867    328 v - - -
          2.68618  4.42225  2.77519  2.73123  3.46354  2.40513  3.72494  3.29354  2.67741  2.69355  4.24690  2.90347  2.73739  3.18146  2.89801  2.37887  2.77519  2.98518  4.58477  3.61503
          0.01428  4.65218  5.37453  0.61958  0.77255  0.48576  0.95510
     48   2.82804  4.72790  3.37251  2.78581  3.32900  1.50434  3.92062  3.28986  2.56984  2.95875  3.83674  3.33356  4.10124  3.19155  3.23164  2.95696  3.06451  3.03518  5.17291  2.45620    329 g - - -
          2.68619  4.42214  2.77520  2.73124  3.46352  2.40514  3.72491  3.29353  2.67742  2.69356  4.24681  2.90347  2.73740  3.18145  2.89801  2.37888  2.77520  2.98518  4.58463  3.61500
          0.25973  2.16842  2.16824  0.32977  1.26971  0.48576  0.95510
     49   2.70744  4.36511  3.55050  3.05659  2.92019  2.93547  3.97782  2.84952  3.06898  2.57280  3.47312  3.49785  2.59910  3.35748  3.29810  2.96751  2.94000  1.92653  4.95240  2.60384    332 v - - -
          2.68618  4.42225  2.77519  2.73123  3.46354  2.40513  3.72494  3.29354  2.67741  2.69355  4.24690  2.90347  2.73739  3.18146  2.89801  2.37887  2.77519  2.98518  4.58477  3.61503
          0.01605  4.53593  5.25828  0.61958  0.77255  0.37945  1.15276
     50   2.51677  5.21456  2.70660  1.86998  4.54211  2.94140  3.71572  3.81026  2.30857  3.44294  4.25997  3.00081  3.02673  2.65525  2.77313  2.71708  2.67399  2.92105  5.65786  4.25771    333 e - - -
          2.68618  4.42225  2.77519  2.73123  3.46354  2.40513  3.72494  3.29354  2.67741  2.69355  4.24690  2.90347  2.73739  3.18146  2.89801  2.37887  2.77519  2.98518  4.58477  3.61503
          0.01428  4.65218  5.37453  0.61958  0.77255  0.48576  0.95510
     51   2.82268  5.32023  1.85955  1.95572  4.64954  2.57348  3.77143  4.13274  2.45979  3.62013  4.37221  2.76774  3.73257  2.87889  3.04471  2.44318  3.05979  3.03105  5.76123  4.34492    334 d - - -
          2.68618  4.42225  2.77519  2.73123  3.46354  2.40513  3.72494  3.29354  2.67741  2.69355  4.24690  2.90347  2.73739  3.18146  2.89801  2.37887  2.77519  2.98518  4.58477  3.61503
          0.01428  4.65218  5.37453  0.61958  0.77255  0.48576  0.95510
     52   3.15774  5.55322  2.82570  2.21288  4.91363  3.65174  4.00016  4.38189  2.72033  3.87263  4.69981  3.14908  3.43181  0.92338  3.12559  3.10195  3.41182  3.98618  6.00324  4.62515    335 q - - -
          2.68618  4.42225  2.77519  2.73123  3.46354  2.40513  3.72494  3.29354  2.67741  2.69355  4.24690  2.90347  2.73739  3.18146  2.89801  2.37887  2.77519  2.98518  4.58477  3.61503
          0.01428  4.65218  5.37453  0.61958  0.77255  0.48576  0.95510
     53   2.55375  5.27742  1.81662  2.49430  4.65342  3.02451  3.52558  4.12778  2.64490  3.64024  4.40965  3.04136  2.12077  2.96383  3.14785  2.18916  3.10853  3.70612  5.80102  4.39443    336 d - - -
          2.68618  4.42225  2.77519  2.73123  3.46354  2.40513  3.72494  3.29354  2.67741  2.69355  4.24690  2.90347  2.73739  3.18146  2.89801  2.37887  2.77519  2.98518  4.58477  3.61503
          0.01428  4.65218  5.37453  0.61958  0.77255  0.48576  0.95510
     54   2.70536  4.78555  2.18844  2.38009  4.54634  3.52698  3.71666  4.02042  2.43398  2.85102  4.26343  2.78417  3.06983  2.59930  2.22379  2.38706  2.97983  3.59969  5.66066  4.26032    337 d - - -
          2.68618  4.42225  2.77519  2.73123  3.46354  2.40513  3.72494  3.29354  2.67741  2.69355  4.24690  2.90347  2.73739  3.18146  2.89801  2.37887  2.77519  2.98518  4.58477  3.61503
          0.01428  4.65218  5.37453  0.61958  0.77255  0.48576  0.95510
     55   3.83030  3.26456  5.18694  4.83934  0.73076  4.70622  3.94155  3.54458  4.64636  3.00941  4.18188  4.51475  5.02987  4.57745  4.61148  4.06467  4.06038  3.42595  4.08527  1.64994    338 f - - -
          2.68618  4.42225  2.77519  2.73123  3.46354  2.40513  3.72494  3.29354  2.67741  2.69355  4.24690  2.90347  2.73739  3.18146  2.89801  2.37887  2.77519  2.98518  4.58477  3.61503
          0.01428  4.65218  5.37453  0.61958  0.77255  0.48576  0.95510
     56   2.60315  4.23437  4.64470  4.04643  3.13693  4.01592  4.34953  1.59352  3.87301  1.50969  3.31041  4.11988  4.37120  4.03546  3.94503  3.01324  3.07801  2.05935  4.88400  3.43154    339 l - - -
          2.68618  4.42225  2.77519  2.73123  3.46354  2.40513  3.72494  3.29354  2.67741  2.69355  4.24690  2.90347  2.73739  3.18146  2.89801  2.37887  2.77519  2.98518  4.58477  3.61503
          0.01428  4.65218  5.37453  0.61958  0.77255  0.48576  0.95510
     57   3.41011  5.79737  2.64895  2.26939  5.19663  3.65502  4.27535  4.78789  3.23216  4.30169  5.19904  0.64024  4.31268  3.46779  3.72222  3.32493  3.73596  4.35310  6.36907  4.91774    340 N - - -
          2.68618  4.42225  2.77519  2.73123  3.46354  2.40513  3.72494  3.29354  2.67741  2.69355  4.24690  2.90347  2.73739  3.18146  2.89801  2.37887  2.77519  2.98518  4.58477  3.61503
          0.01428  4.65218  5.37453  0.61958  0.77255  0.48576  0.95510
     58   1.83607  4.92486  3.16612  2.61266  3.97293  2.18061  3.79927  3.48521  2.60430  3.05693  3.86017  2.82341  3.97564  2.49209  3.06352  2.60443  2.98328  3.26716  5.44721  4.11740    341 a - - -
          2.68618  4.42225  2.77519  2.73123  3.46354  2.40513  3.72494  3.29354  2.67741  2.69355  4.24690  2.90347  2.73739  3.18146  2.89801  2.37887  2.77519  2.98518  4.58477  3.61503
          0.01428  4.65218  5.37453  0.61958  0.77255  0.48576  0.95510
     59   2.49947  2.57444  4.75733  4.22083  3.69507  4.06076  4.69415  2.26347  4.08416  2.61112  3.63751  4.28684  4.52248  4.28931  4.21399  3.42382  2.63038  1.00077  5.30828  4.11804    342 v - - -
          2.68618  4.42225  2.77519  2.73123  3.46354  2.40513  3.72494  3.29354  2.67741  2.69355  4.24690  2.90347  2.73739  3.18146  2.89801  2.37887  2.77519  2.98518  4.58477  3.61503
          0.01428  4.65218  5.37453  0.61958  0.77255  0.48576  0.95510
     60   2.00340  3.93774  4.99411  4.43045  3.65673  4.40923  4.83715  1.32906  4.28791  1.92592  3.56633  4.52654  4.73935  4.47501  4.38662  3.74586  3.36395  1.57710  5.34693  4.15869    343 i - - -
          2.68618  4.42225  2.77519  2.73123  3.46354  2.40513  3.72494  3.29354  2.67741  2.69355  4.24690  2.90347  2.73739  3.18146  2.89801  2.37887  2.77519  2.98518  4.58477  3.61503
          0.01428  4.65218  5.37453  0.61958  0.77255  0.48576  0.95510
     61   2.25310  4.33989  3.10869  1.82713  4.26960  3.21039  3.76344  2.98833  2.36857  3.22498  3.60521  2.79667  3.95448  2.84940  2.94680  2.72207  2.56582  3.35489  5.50171  4.15126    344 e - - -
          2.68618  4.42225  2.77519  2.73123  3.46354  2.40513  3.72494  3.29354  2.67741  2.69355  4.24690  2.90347  2.73739  3.18146  2.89801  2.37887  2.77519  2.98518  4.58477  3.61503
          0.01428  4.65218  5.37453  0.61958  0.77255  0.48576  0.95510
     62   2.61031  4.10721  4.92667  4.33294  2.44470  4.24723  4.60114  1.99125  4.15455  1.29345  3.32441  4.38274  4.57380  4.28682  4.19691  3.56927  3.25815  1.76413  5.06476  3.90517    345 l - - -
          2.68618  4.42222  2.77520  2.73123  3.46353  2.40513  3.72493  3.29353  2.67741  2.69355  4.24687  2.90347  2.73740  3.18146  2.89801  2.37887  2.77520  2.98518  4.58473  3.61502
          0.05050  3.10963  5.37453  0.41692  1.07609  0.48576  0.95510
     63   1.95006  5.22741  2.69812  1.97731  3.88496  3.52668  3.71727  4.03401  2.04265  3.44046  4.27229  2.99966  3.92160  2.49316  2.82062  2.63188  2.98276  3.61043  5.66823  4.26616    347 a - - -
          2.68618  4.42225  2.77519  2.73123  3.46354  2.40513  3.72494  3.29354  2.67741  2.69355  4.24690  2.90347  2.73739  3.18146  2.89801  2.37887  2.77519  2.98518  4.58477  3.61503
          0.01428  4.65218  5.37453  0.61958  0.77255  0.48576  0.95510
     64   2.60414  3.18809  4.21347  3.76735  4.29144  3.40516  4.59893  3.63923  3.68829  3.38269  4.24789  3.82420  3.21583  3.95540  3.95073  2.53373  0.80134  3.03935  5.71519  4.52959    348 t - - -
          2.68620  4.42197  2.77521  2.73125  3.46348  2.40517  3.72485  3.29351  2.67743  2.69357  4.24667  2.90347  2.73741  3.18144  2.89801  2.37891  2.77521  2.98518  4.58442  3.61495
          0.05947  2.93548  5.37453  1.42849  0.27400  0.48576  0.95510
     65   2.63422  5.13920  2.98504  1.90526  4.43806  3.37369  3.25200  3.89264  2.45787  3.11462  4.19257  2.89116  2.60805  2.84659  2.97226  2.34738  2.55035  3.50482  4.14139  4.21951    356 e - - -
          2.68618  4.42225  2.77519  2.73123  3.46354  2.40513  3.72494  3.29354  2.67741  2.69355  4.24690  2.90347  2.73739  3.18146  2.89801  2.37887  2.77519  2.98518  4.58477  3.61503
          0.01428  4.65218  5.37453  0.61958  0.77255  0.48576  0.95510
     66   2.31030  3.51944  4.70217  4.12235  3.18447  4.16069  4.53943  2.53063  3.97181  0.91960  3.20103  4.25410  4.51656  4.13970  4.08405  3.48155  3.26034  2.44130  5.07258  3.91200    357 l - - -
          2.68618  4.42225  2.77519  2.73123  3.46354  2.40513  3.72494  3.29354  2.67741  2.69355  4.24690  2.90347  2.73739  3.18146  2.89801  2.37887  2.77519  2.98518  4.58477  3.61503
          0.01428  4.65218  5.37453  0.61958  0.77255  0.48576  0.95510
     67   2.26967  5.22540  2.81772  1.70585  4.55547  3.52992  3.74479  4.02695  2.50073  3.41966  4.28550  2.87118  3.07604  2.85213  2.99265  2.10703  2.75439  3.61120  5.68310  4.28329    358 e - - -
          2.68618  4.42225  2.77519  2.73123  3.46354  2.40513  3.72494  3.29354  2.67741  2.69355  4.24690  2.90347  2.73739  3.18146  2.89801  2.37887  2.77519  2.98518  4.58477  3.61503
          0.01428  4.65218  5.37453  0.61958  0.77255  0.48576  0.95510
     68   2.19687  4.92978  3.15345  2.51243  4.28555  3.42741  3.90042  3.69752  2.71966  3.12407  4.13232  2.81041  1.49189  3.06402  3.16986  2.83139  2.97606  3.25551  5.55921  4.23400    359 p - - -
          2.68618  4.42225  2.77519  2.73123  3.46354  2.40513  3.72494  3.29354  2.67741  2.69355  4.24690  2.90347  2.73739  3.18146  2.89801  2.37887  2.77519  2.98518  4.58477  3.61503
          0.01428  4.65218  5.37453  0.61958  0.77255  0.48576  0.95510
     69   2.42649  4.93644  3.15528  2.32913  3.88782  3.58120  3.45541  3.38619  2.40367  2.12666  4.00808  3.11505  3.53569  2.57992  2.55240  2.69818  2.97856  2.86844  5.44103  4.10884    360 l - - -
          2.68618  4.42225  2.77519  2.73123  3.46354  2.40513  3.72494  3.29354  2.67741  2.69355  4.24690  2.90347  2.73739  3.18146  2.89801  2.37887  2.77519  2.98518  4.58477  3.61503
          0.01428  4.65218  5.37453  0.61958  0.77255  0.48576  0.95510
     70   2.55188  5.25268  2.65274  1.48831  4.58640  3.52741  3.50012  4.06549  2.43871  3.55263  4.04639  2.99814  3.92824  2.70251  2.72114  2.25838  2.99756  3.63749  5.69088  4.28481    361 e - - -
          2.68618  4.42225  2.77519  2.73123  3.46354  2.40513  3.72494  3.29354  2.67741  2.69355  4.24690  2.90347  2.73739  3.18146  2.89801  2.37887  2.77519  2.98518  4.58477  3.61503
          0.01428  4.65218  5.37453  0.61958  0.77255  0.48576  0.95510
     71   3.16534  4.50821  5.03603  4.43995  3.07611  4.37839  4.68344  2.29123  4.26181  1.11957  3.22361  4.50414  4.67100  4.35392  4.29106  3.70208  3.39214  1.47332  3.69670  3.92027    362 l - - -
          2.68618  4.42225  2.77519  2.73123  3.46354  2.40513  3.72494  3.29354  2.67741  2.69355  4.24690  2.90347  2.73739  3.18146  2.89801  2.37887  2.77519  2.98518  4.58477  3.61503
          0.01428  4.65218  5.37453  0.61958  0.77255  0.48576  0.95510
     72   2.95094  4.48496  4.18515  3.59007  3.20985  4.00741  4.25216  2.71861  2.89025  0.95568  3.28185  3.88257  4.35626  3.69737  3.16845  3.29336  3.17736  2.65603  5.03831  3.84517    363 l - - -
          2.68618  4.42225  2.77519  2.73123  3.46354  2.40513  3.72494  3.29354  2.67741  2.69355  4.24690  2.90347  2.73739  3.18146  2.89801  2.37887  2.77519  2.98518  4.58477  3.61503
          0.01428  4.65218  5.37453  0.61958  0.77255  0.48576  0.95510
     73   2.58020  5.25594  2.40178  2.12068  4.32635  3.00046  3.71174  4.08214  2.13908  3.45148  4.29773  2.88120  3.91787  2.42738  2.14733  2.71511  2.98330  3.64527  5.68943  4.28048    364 e - - -
          2.68618  4.42225  2.77519  2.73123  3.46354  2.40513  3.72494  3.29354  2.67741  2.69355  4.24690  2.90347  2.73739  3.18146  2.89801  2.37887  2.77519  2.98518  4.58477  3.61503
          0.01428  4.65218  5.37453  0.61958  0.77255  0.48576  0.95510
     74   2.57405  4.19020  3.38894  2.14178  3.68851  3.54903  3.61955  3.19687  2.64396  2.06201  3.74326  3.29363  4.04404  3.12912  2.83080  2.88453  2.64989  2.25257  5.20604  3.93625    365 l - - -
          2.68618  4.42225  2.77519  2.73123  3.46354  2.40513  3.72494  3.29354  2.67741  2.69355  4.24690  2.90347  2.73739  3.18146  2.89801  2.37887  2.77519  2.98518  4.58477  3.61503
          0.01428  4.65218  5.37453  0.61958  0.77255  0.48576  0.95510
     75   2.54962  3.86194  4.59694  4.02151  3.45675  4.07520  4.47990  2.35774  3.88002  1.02992  3.40793  4.16152  4.45345  4.07620  4.01465  3.39457  2.65270  2.16474  5.07388  3.89845    366 l - - -
          2.68618  4.42225  2.77519  2.73123  3.46354  2.40513  3.72494  3.29354  2.67741  2.69355  4.24690  2.90347  2.73739  3.18146  2.89801  2.37887  2.77519  2.98518  4.58477  3.61503
          0.01428  4.65218  5.37453  0.61958  0.77255  0.48576  0.95510
     76   2.82731  5.05840  3.20277  2.63516  3.90143  3.62909  3.44152  3.74122  1.83406  2.20998  4.12547  3.06799  4.01544  1.85328  2.89976  2.84681  3.05133  3.40838  5.51473  4.18363    367 k - - -
          2.68618  4.42225  2.77519  2.73123  3.46354  2.40513  3.72494  3.29354  2.67741  2.69355  4.24690  2.90347  2.73739  3.18146  2.89801  2.37887  2.77519  2.98518  4.58477  3.61503
          0.01428  4.65218  5.37453  0.61958  0.77255  0.48576  0.95510
     77   2.22336  5.22968  2.95619  2.26571  4.56188  3.53106  2.27346  4.03655  2.29143  3.52779  4.27455  2.92180  3.92500  2.32805  2.57029  2.55798  2.98646  3.61357  5.66842  3.91330    368 a - - -
          2.68618  4.42225  2.77519  2.73123  3.46354  2.40513  3.72494  3.29354  2.67741  2.69355  4.24690  2.90347  2.73739  3.18146  2.89801  2.37887  2.77519  2.98518  4.58477  3.61503
          0.01428  4.65218  5.37453  0.61958  0.77255  0.48576  0.95510
     78   2.99180  4.37650  4.71534  4.12686  2.99098  4.18179  4.51777  1.14168  3.96631  1.87187  3.34816  4.25236  4.51711  4.14510  3.14694  3.49336  3.12526  2.09359  5.05417  3.88316    369 i - - -
          2.68618  4.42225  2.77519  2.73123  3.46354  2.40513  3.72494  3.29354  2.67741  2.69355  4.24690  2.90347  2.73739  3.18146  2.89801  2.37887  2.77519  2.98518  4.58477  3.61503
          0.01428  4.65218  5.37453  0.61958  0.77255  0.48576  0.95510
     79   3.92971  5.98967  3.16003  0.29300  5.48654  4.01097  4.75731  5.13836  3.77253  4.64000  5.65552  3.72248  4.67036  4.00382  4.21682  3.86666  4.26290  4.76138  6.47969  5.31698    370 E - - -
          2.68618  4.42225  2.77519  2.73123  3.46354  2.40513  3.72494  3.29354  2.67741  2.69355  4.24690  2.90347  2.73739  3.18146  2.89801  2.37887  2.77519  2.98518  4.58477  3.61503
          0.01428  4.65218  5.37453  0.61958  0.77255  0.48576  0.95510
     80   2.43181  5.18065  3.04503  2.34844  4.49497  3.54417  3.72888  3.14459  1.71785  3.16351  4.23072  2.82060  3.93587  2.50116  2.50830  2.56363  2.92024  3.55490  5.62946  4.24495    371 k - - -
          2.68618  4.42225  2.77519  2.73123  3.46354  2.40513  3.72494  3.29354  2.67741  2.69355  4.24690  2.90347  2.73739  3.18146  2.89801  2.37887  2.77519  2.98518  4.58477  3.61503
          0.01428  4.65218  5.37453  0.61958  0.77255  0.48576  0.95510
     81   1.86948  4.79840  2.49436  2.06584  4.56877  3.41119  3.71687  4.04685  2.19543  3.53571  4.27985  2.92187  3.92070  2.72059  2.84133  2.39924  2.88208  3.61984  5.67510  4.27066    372 a - - -
          2.68618  4.42225  2.77519  2.73123  3.46354  2.40513  3.72494  3.29354  2.67741  2.69355  4.24690  2.90347  2.73739  3.18146  2.89801  2.37887  2.77519  2.98518  4.58477  3.61503
          0.01428  4.65218  5.37453  0.61958  0.77255  0.48576  0.95510
     82   2.16804  4.23553  4.46390  3.86877  2.63321  3.94899  4.26498  2.55364  3.71797  1.63839  2.77231  4.00205  4.30762  3.11930  3.83417  3.24738  3.04245  1.84963  4.85078  3.67310    373 l - - -
          2.68618  4.42224  2.77519  2.73123  3.46354  2.40513  3.72494  3.29354  2.67741  2.69355  4.24689  2.90347  2.73739  3.18146  2.89801  2.37887  2.77519  2.98518  4.58476  3.61503
          0.02494  3.91198  5.37453  0.54070  0.87308  0.48576  0.95510
     83   3.05803  5.07205  3.23867  3.16265  4.70658  0.57034  3.49199  4.53773  3.44785  4.11570  4.99450  3.40059  4.29858  3.78728  3.79421  3.15474  3.49984  4.02036  6.03875  4.65311    375 G - - -
          2.68618  4.42225  2.77519  2.73123  3.46354  2.40513  3.72494  3.29354  2.67741  2.69355  4.24690  2.90347  2.73739  3.18146  2.89801  2.37887  2.77519  2.98518  4.58477  3.61503
          0.01428  4.65218  5.37453  0.61958  0.77255  0.48576  0.95510
     84   4.13918  5.78746  4.72285  4.14359  5.36230  4.38330  4.71913  5.02798  2.97789  4.39746  5.42556  4.41865  4.89353  3.94659  0.25705  4.22045  4.38116  4.72656  6.15081  5.18618    376 R - - -
          2.68618  4.42225  2.77519  2.73123  3.46354  2.40513  3.72494  3.29354  2.67741  2.69355  4.24690  2.90347  2.73739  3.18146  2.89801  2.37887  2.77519  2.98518  4.58477  3.61503
          0.01428  4.65218  5.37453  0.61958  0.77255  0.48576  0.95510
     85   2.74977  4.51100  3.08536  2.20305  4.18863  3.58039  3.78294  3.24706  2.21413  3.20791  4.02067  3.11134  3.97011  2.82412  2.78270  2.78408  1.97487  2.39909  5.45166  4.11743    377 t - - -
          2.68618  4.42225  2.77519  2.73123  3.46354  2.40513  3.72494  3.29354  2.67741  2.69355  4.24690  2.90347  2.73739  3.18146  2.89801  2.37887  2.77519  2.98518  4.58477  3.61503
          0.01428  4.65218  5.37453  0.61958  0.77255  0.48576  0.95510
     86   3.34512  5.56359  3.75686  2.93744  5.05713  3.98063  3.47563  4.39412  1.58019  3.78663  4.62756  3.46578  3.50779  3.00599  0.99340  3.31486  3.50075  4.04701  5.80132  4.62469    378 r - - -
          2.68620  4.42204  2.77521  2.73125  3.46350  2.40515  3.72487  3.29352  2.67742  2.69356  4.24673  2.90347  2.73741  3.18145  2.89801  2.37890  2.77521  2.98518  4.58451  3.61497
          0.17177  1.87608  5.37453  0.48963  0.94895  0.48576  0.95510
     87   2.69298  5.22861  2.57305  2.01641  4.55856  3.03789  3.71907  4.03452  2.16101  2.76937  4.27386  2.73914  3.78975  2.82100  2.89190  2.64224  2.23125  3.61122  5.67019  4.26753    381 e - - -
          2.68618  4.42225  2.77519  2.73123  3.46354  2.40513  3.72494  3.29354  2.67741  2.69355  4.24690  2.90347  2.73739  3.18146  2.89801  2.37887  2.77519  2.98518  4.58477  3.61503
          0.01428  4.65218  5.37453  0.61958  0.77255  0.48576  0.95510
     88   2.74847  4.50609  3.56942  2.57049  2.26566  3.71261  3.95993  2.34187  2.70055  2.68752  3.47191  3.01718  4.09304  2.93126  3.11114  2.82734  2.98009  2.21211  5.08272  3.84155    382 v - - -
          2.68618  4.42225  2.77519  2.73123  3.46354  2.40513  3.72494  3.29354  2.67741  2.69355  4.24690  2.90347  2.73739  3.18146  2.89801  2.37887  2.77519  2.98518  4.58477  3.61503
          0.01428  4.65218  5.37453  0.61958  0.77255  0.48576  0.95510
     89   2.77886  5.19168  2.97912  2.50652  4.50982  3.56003  2.89146  3.96617  1.93972  3.47852  4.24269  3.04283  3.67075  2.84583  1.94844  2.75860  2.26535  3.35950  5.63439  4.02546    383 k - - -
          2.68618  4.42225  2.77519  2.73123  3.46354  2.40513  3.72494  3.29354  2.67741  2.69355  4.24690  2.90347  2.73739  3.18146  2.89801  2.37887  2.77519  2.98518  4.58477  3.61503
          0.01428  4.65218  5.37453  0.61958  0.77255  0.48576  0.95510
     90   2.83702  5.07627  2.88442  2.42961  4.31250  3.35119  3.83164  3.74681  2.56699  3.33622  4.15098  2.03237  4.01324  2.90301  3.09462  2.85163  3.07214  3.41482  1.80039  4.01937    384 w - - -
          2.68618  4.42225  2.77519  2.73123  3.46354  2.40513  3.72494  3.29354  2.67741  2.69355  4.24690  2.90347  2.73739  3.18146  2.89801  2.37887  2.77519  2.98518  4.58477  3.61503
          0.01428  4.65218  5.37453  0.61958  0.77255  0.48576  0.95510
     91   2.19245  4.94517  3.12816  2.57139  4.91315  0.78806  4.42986  4.34093  3.40025  3.98011  4.81881  3.42877  4.17367  3.64730  3.82260  2.98321  3.32139  3.82742  6.18737  4.88448    385 g - - -
          2.68618  4.42220  2.77520  2.73123  3.46353  2.40513  3.72493  3.29353  2.67741  2.69355  4.24686  2.90347  2.73740  3.18146  2.89801  2.37887  2.77520  2.98518  4.58470  3.61501
          0.03327  3.57222  5.37453  0.76699  0.62438  0.48576  0.95510
     92   2.10744  5.15599  2.75881  2.58493  4.56676  3.56278  3.99412  3.99540  2.60402  3.58339  4.40601  3.15984  1.24461  3.15596  3.29965  2.94258  3.21294  3.62319  5.80329  4.44631    389 p - - -
          2.68618  4.42225  2.77519  2.73123  3.46354  2.40513  3.72494  3.29354  2.67741  2.69355  4.24690  2.90347  2.73739  3.18146  2.89801  2.37887  2.77519  2.98518  4.58477  3.61503
          0.01428  4.65218  5.37453  0.61958  0.77255  0.48576  0.95510
     93   3.40224  5.30553  4.21672  3.53059  4.71883  4.02175  4.19005  4.07568  2.45987  3.61800  4.62616  3.82128  4.49019  3.37104  0.58542  3.49387  3.65949  3.14156  5.79635  4.61253    390 R - - -
          2.68618  4.42225  2.77519  2.73123  3.46354  2.40513  3.72494  3.29354  2.67741  2.69355  4.24690  2.90347  2.73739  3.18146  2.89801  2.37887  2.77519  2.98518  4.58477  3.61503
          0.01428  4.65218  5.37453  0.61958  0.77255  0.48576  0.95510
     94   2.75954  4.35835  3.86908  3.08763  3.48528  3.79427  4.07649  2.43075  3.22564  2.28113  3.47229  3.15282  4.17193  3.50123  3.51564  2.76728  1.91055  1.78916  4.96683  3.75392    391 v - - -
          2.68618  4.42225  2.77519  2.73123  3.46354  2.40513  3.72494  3.29354  2.67741  2.69355  4.24690  2.90347  2.73739  3.18146  2.89801  2.37887  2.77519  2.98518  4.58477  3.61503
          0.01428  4.65218  5.37453  0.61958  0.77255  0.48576  0.95510
     95   3.48317  4.90807  5.58363  5.04053  3.57830  5.09367  5.51893  0.97731  4.90535  1.17086  3.17136  5.21973  5.24501  4.96573  4.95967  4.48120  3.90107  2.21850  5.70865  4.65341    392 i - - -
          2.68618  4.42225  2.77519  2.73123  3.46354  2.40513  3.72494  3.29354  2.67741  2.69355  4.24690  2.90347  2.73739  3.18146  2.89801  2.37887  2.77519  2.98518  4.58477  3.61503
          0.01428  4.65218  5.37453  0.61958  0.77255  0.48576  0.95510
     96   4.05470  6.09913  0.24905  3.16957  5.63576  4.01782  4.89039  5.45227  4.15096  4.92400  5.97831  3.74517  4.71975  4.17009  4.72355  3.96906  4.42518  5.02280  6.61033  5.45935    393 D - - -
          2.68618  4.42225  2.77519  2.73123  3.46354  2.40513  3.72494  3.29354  2.67741  2.69355  4.24690  2.90347  2.73739  3.18146  2.89801  2.37887  2.77519  2.98518  4.58477  3.61503
          0.01428  4.65218  5.37453  0.61958  0.77255  0.48576  0.95510
     97   3.79925  5.01960  5.71541  5.16763  3.50546  5.23155  5.62570  1.79908  5.04318  0.65824  3.25136  5.36870  5.32227  5.02292  5.06233  4.62991  4.02224  2.02389  5.70998  4.70396    394 L - - -
          2.68618  4.42225  2.77519  2.73123  3.46354  2.40513  3.72494  3.29354  2.67741  2.69355  4.24690  2.90347  2.73739  3.18146  2.89801  2.37887  2.77519  2.98518  4.58477  3.61503
          0.01428  4.65218  5.37453  0.61958  0.77255  0.48576  0.95510
     98   4.05470  6.09913  0.24905  3.16957  5.63576  4.01782  4.89039  5.45227  4.15096  4.92400  5.97831  3.74517  4.71975  4.17009  4.72355  3.96906  4.42518  5.02280  6.61033  5.45935    395 D - - -
          2.68618  4.42225  2.77519  2.73123  3.46354  2.40513  3.72494  3.29354  2.67741  2.69355  4.24690  2.90347  2.73739  3.18146  2.89801  2.37887  2.77519  2.98518  4.58477  3.61503
          0.01428  4.65218  5.37453  0.61958  0.77255  0.48576  0.95510
     99   3.67262  4.89680  5.64688  5.10416  3.59706  5.12846  5.56854  1.31645  4.99032  0.99144  3.19866  5.27000  5.26841  5.02260  5.02876  4.51858  3.90277  1.79185  5.73399  4.68645    396 l - - -
          2.68618  4.42225  2.77519  2.73123  3.46354  2.40513  3.72494  3.29354  2.67741  2.69355  4.24690  2.90347  2.73739  3.18146  2.89801  2.37887  2.77519  2.98518  4.58477  3.61503
          0.01428  4.65218  5.37453  0.61958  0.77255  0.48576  0.95510
    100   3.08785  4.43004  4.93854  4.36043  3.52140  4.34151  4.72244  1.70780  4.20347  1.47429  3.19433  4.45218  4.66519  4.36852  4.28495  3.04073  3.32528  1.38350  5.21459  4.04419    397 v - - -
          2.68618  4.42225  2.77519  2.73123  3.46354  2.40513  3.72494  3.29354  2.67741  2.69355  4.24690  2.90347  2.73739  3.18146  2.89801  2.37887  2.77519  2.98518  4.58477  3.61503
          0.01428  4.65218  5.37453  0.61958  0.77255  0.48576  0.95510
    101   2.35257  4.21765  3.88257  3.72442  1.80867  3.87782  4.17460  2.65830  3.58946  1.73919  3.33046  3.89260  4.24678  3.79362  3.73959  2.82540  2.99703  2.42690  3.49822  3.59046    398 l - - -
          2.68620  4.42196  2.77521  2.73125  3.46348  2.40517  3.72484  3.29351  2.67743  2.69357  4.24667  2.90347  2.73741  3.18144  2.89801  2.37891  2.77521  2.98518  4.58441  3.61495
          0.05050  3.10963  5.37453  1.54651  0.23952  0.48576  0.95510
    102   3.21461  4.70434  4.34262  3.82181  2.18350  4.19009  2.82256  3.20274  3.72206  2.53664  3.82934  3.12879  4.54431  3.91598  3.93690  3.47852  3.44243  2.66115  4.35587  1.12831    408 y - - -
          2.68618  4.42225  2.77519  2.73123  3.46354  2.40513  3.72494  3.29354  2.67741  2.69355  4.24690  2.90347  2.73739  3.18146  2.89801  2.37887  2.77519  2.98518  4.58477  3.61503
          0.01428  4.65218  5.37453  0.61958  0.77255  0.48576  0.95510
    103   2.74460  5.41120  2.00522  2.20606  4.72791  1.55422  3.86864  4.20776  2.63396  3.71335  4.49068  2.73944  4.02758  2.99336  3.21508  2.88454  3.18376  3.25409  5.87368  4.44864    409 g - - -
          2.68618  4.42225  2.77519  2.73123  3.46354  2.40513  3.72494  3.29354  2.67741  2.69355  4.24690  2.90347  2.73739  3.18146  2.89801  2.37887  2.77519  2.98518  4.58477  3.61503
          0.01428  4.65218  5.37453  0.61958  0.77255  0.48576  0.95510
    104   2.78063  5.29144  1.99686  2.11425  4.63268  3.33421  2.54119  4.11862  2.33876  3.59426  4.33517  2.86001  3.93381  2.68510  2.53698  2.47855  3.01364  3.68042  5.72372  4.31035    410 d - - -
          2.68618  4.42225  2.77519  2.73123  3.46354  2.40513  3.72494  3.29354  2.67741  2.69355  4.24690  2.90347  2.73739  3.18146  2.89801  2.37887  2.77519  2.98518  4.58477  3.61503
          0.01428  4.65218  5.37453  0.61958  0.77255  0.48576  0.95510
    105   2.70960  4.88288  3.12534  2.24993  4.10353  3.59761  3.80372  3.40584  2.42615  2.39090  3.81688  3.14719  3.98591  2.64497  2.15612  2.80540  2.98207  2.58510  3.75365  4.07905    411 r - - -
          2.68628  4.42109  2.77527  2.73132  3.46332  2.40529  3.72455  3.29341  2.67751  2.69364  4.24598  2.90350  2.73748  3.18139  2.89804  2.37903  2.77527  2.98519  4.58334  3.61472
          0.08755  2.53589  5.37453  2.39859  0.09524  0.48576  0.95510
    106   2.35667  4.45209  3.65692  2.77825  3.58668  3.73651  3.99250  2.39366  2.88470  2.63084  3.44780  3.29290  4.11545  3.13553  3.28187  2.91686  2.68736  1.61304  5.03684  3.80608    430 v - - -
          2.68618  4.42225  2.77519  2.73123  3.46354  2.40513  3.72494  3.29354  2.67741  2.69355  4.24690  2.90347  2.73739  3.18146  2.89801  2.37887  2.77519  2.98518  4.58477  3.61503
          0.01428  4.65218  5.37453  0.61958  0.77255  0.48576  0.95510
    107   2.55430  4.23806  4.19581  3.61064  3.25976  3.00985  4.15903  1.93503  3.49413  1.89447  3.35357  3.82767  4.22514  3.08169  3.68266  2.86496  2.92300  1.89338  4.85385  3.66079    431 v - - -
          2.68618  4.42225  2.77519  2.73123  3.46354  2.40513  3.72494  3.29354  2.67741  2.69355  4.24690  2.90347  2.73739  3.18146  2.89801  2.37887  2.77519  2.98518  4.58477  3.61503
          0.01428  4.65218  5.37453  0.61958  0.77255  0.48576  0.95510
    108   2.45983  5.25370  2.53264  2.19886  4.59558  3.52241  3.71132  4.07906  1.87724  3.55720  4.29557  2.80633  3.91729  2.47270  2.60421  2.32373  2.98216  3.64270  5.68770  3.64993    432 k - - -
          2.68621  4.42184  2.77522  2.73126  3.46346  2.40518  3.72481  3.29349  2.67744  2.69358  4.24657  2.90348  2.73742  3.18144  2.89802  2.37893  2.77522  2.98518  4.58427  3.61492
          0.11209  2.63585  3.37038  1.54398  0.24020  0.48576  0.95510
    109   2.38769  5.06092  2.56480  2.18699  4.33617  3.34174  3.73954  2.57531  2.47146  3.13689  4.12108  2.99145  3.93423  2.69696  2.98783  2.45086  2.40252  3.30921  5.53812  4.17365    441 e - - -
          2.68618  4.42225  2.77519  2.73123  3.46354  2.40513  3.72494  3.29354  2.67741  2.69355  4.24690  2.90347  2.73739  3.18146  2.89801  2.37887  2.77519  2.98518  4.58477  3.61503
          0.01472  4.62199  5.34433  0.61958  0.77255  0.54331  0.86946
    110   2.60067  5.26496  2.42313  2.16339  4.60258  2.46970  3.71988  4.08630  2.15981  3.56726  4.30970  2.66751  3.15139  2.74983  2.96282  2.72412  2.43144  3.65201  5.70111  4.28945    442 k - - -
          2.68618  4.42225  2.77519  2.73123  3.46354  2.40513  3.72494  3.29354  2.67741  2.69355  4.24690  2.90347  2.73739  3.18146  2.89801  2.37887  2.77519  2.98518  4.58477  3.61503
          0.01472  4.62199  5.34433  0.61958  0.77255  0.54331  0.86946
    111   2.32662  5.20750  2.43987  2.37334  4.53579  3.28537  3.17136  4.01008  2.38292  3.32138  4.25276  2.22989  3.91003  2.76176  2.54463  2.70761  2.71561  3.08313  5.65021  4.24958    443 n - - -
          2.68632  4.42055  2.77530  2.73136  3.46322  2.40537  3.72437  3.29335  2.67755  2.69369  4.24555  2.90351  2.73752  3.18135  2.89806  2.37911  2.77530  2.98519  4.58267  3.61457
          0.19010  1.78170  5.34433  2.23991  0.11257  0.54331  0.86946
    112   3.78272  5.08237  5.28989  4.79293  3.10031  4.84401  4.79297  2.81995  4.50286  0.49722  3.32858  4.88308  5.07689  4.63414  4.54911  4.27359  4.00524  3.01003  3.27289  3.56433    456 L - - -
          2.68618  4.42225  2.77519  2.73123  3.46354  2.40513  3.72494  3.29354  2.67741  2.69355  4.24690  2.90347  2.73739  3.18146  2.89801  2.37887  2.77519  2.98518  4.58477  3.61503
          0.01472  4.62199  5.34433  0.61958  0.77255  0.54331  0.86946
    113   2.64428  4.41884  3.21484  2.07717  4.03251  3.59514  3.80854  2.92960  2.43551  3.06873  3.90394  3.01437  3.98376  2.93012  3.09057  2.53659  2.10728  2.44363  5.34853  4.03957    457 e - - -
          2.68618  4.42225  2.77519  2.73123  3.46354  2.40513  3.72494  3.29354  2.67741  2.69355  4.24690  2.90347  2.73739  3.18146  2.89801  2.37887  2.77519  2.98518  4.58477  3.61503
          0.01472  4.62199  5.34433  0.61958  0.77255  0.54331  0.86946
    114   3.20433  2.34162  5.14593  4.58138  3.59500  4.51790  4.94279  1.83349  4.42902  1.35399  3.46958  4.65878  4.81925  4.57944  4.49536  3.86296  3.44539  1.47283  5.37657  4.21423    458 l - - -
          2.68618  4.42225  2.77519  2.73123  3.46354  2.40513  3.72494  3.29354  2.67741  2.69355  4.24690  2.90347  2.73739  3.18146  2.89801  2.37887  2.77519  2.98518  4.58477  3.61503
          0.01472  4.62199  5.34433  0.61958  0.77255  0.54331  0.86946
    115   4.02576  5.58904  4.71027  4.68655  5.53135  4.23858  5.63866  5.35306  4.82315  4.85298  5.96948  4.89914  0.15446  5.17934  4.92653  4.22787  4.52714  4.89574  6.43877  5.67822    459 P - - -
          2.68618  4.42225  2.77519  2.73123  3.46354  2.40513  3.72494  3.29354  2.67741  2.69355  4.24690  2.90347  2.73739  3.18146  2.89801  2.37887  2.77519  2.98518  4.58477  3.61503
          0.01472  4.62199  5.34433  0.61958  0.77255  0.54331  0.86946
    116   3.47312  5.67937  2.39901  2.82175  4.44374  3.77605  0.64322  4.62212  3.29147  4.11500  5.05095  3.36641  4.39279  3.56308  3.74045  3.41986  3.77899  4.25293  5.81992  4.30481    460 H - - -
          2.68618  4.42225  2.77519  2.73123  3.46354  2.40513  3.72494  3.29354  2.67741  2.69355  4.24690  2.90347  2.73739  3.18146  2.89801  2.37887  2.77519  2.98518  4.58477  3.61503
          0.01472  4.62199  5.34433  0.61958  0.77255  0.45139  1.01264
    117   2.97462  5.14443  3.26195  2.75924  4.29357  3.71407  3.62819  3.84316  1.85826  3.40552  4.24358  3.25091  1.39861  3.03686  2.85281  2.99711  3.19844  3.52239  5.52139  3.31591    461 p - - -
          2.68618  4.42225  2.77519  2.73123  3.46354  2.40513  3.72494  3.29354  2.67741  2.69355  4.24690  2.90347  2.73739  3.18146  2.89801  2.37887  2.77519  2.98518  4.58477  3.61503
          0.01428  4.65218  5.37453  0.61958  0.77255  0.48576  0.95510
    118   2.75139  5.14480  2.58858  2.37536  4.19855  3.22803  3.55104  3.89967  2.41582  2.93111  4.19791  3.02982  3.93487  2.77583  1.73751  2.67472  2.98231  3.51129  5.60417  3.17730    462 r - - -
          2.68618  4.42225  2.77519  2.73123  3.46354  2.40513  3.72494  3.29354  2.67741  2.69355  4.24690  2.90347  2.73739  3.18146  2.89801  2.37887  2.77519  2.98518  4.58477  3.61503
          0.01428  4.65218  5.37453  0.61958  0.77255  0.48576  0.95510
    119   2.33817  4.20376  3.67148  3.72134  3.30116  3.87045  4.17975  2.45699  3.58529  1.59589  2.28453  3.88935  4.23824  3.78898  3.73325  3.16200  2.68520  2.45301  4.18658  2.90505    463 l - - -
          2.68618  4.42225  2.77519  2.73123  3.46354  2.40513  3.72494  3.29354  2.67741  2.69355  4.24690  2.90347  2.73739  3.18146  2.89801  2.37887  2.77519  2.98518  4.58477  3.61503
          0.01428  4.65218  5.37453  0.61958  0.77255  0.48576  0.95510
    120   2.49193  5.07385  3.07734  2.15314  3.60962  3.55218  2.77052  3.79054  2.35909  2.81095  4.13330  2.99296  3.94356  2.76707  2.27595  2.65909  2.59463  3.42717  4.98480  4.01177    464 e - - -
          2.68618  4.42225  2.77519  2.73123  3.46354  2.40513  3.72494  3.29354  2.67741  2.69355  4.24690  2.90347  2.73739  3.18146  2.89801  2.37887  2.77519  2.98518  4.58477  3.61503
          0.01428  4.65218  5.37453  0.61958  0.77255  0.48576  0.95510
    121   2.36062  5.14280  3.04433  1.54444  4.44117  3.54422  3.73784  3.89421  2.19480  3.11127  4.19699  2.79741  3.93820  2.79222  2.96984  2.74208  2.90607  3.32149  5.60357  3.47454    465 e - - -
          2.68618  4.42225  2.77519  2.73123  3.46354  2.40513  3.72494  3.29354  2.67741  2.69355  4.24690  2.90347  2.73739  3.18146  2.89801  2.37887  2.77519  2.98518  4.58477  3.61503
          0.01428  4.65218  5.37453  0.61958  0.77255  0.48576  0.95510
    122   3.65630  5.63182  4.14222  3.42506  4.84871  4.16775  3.04007  4.52956  2.26114  3.90310  4.82205  3.75695  4.54389  3.22380  0.58439  3.65589  3.80438  4.22873  5.75390  4.54130    466 R - - -
          2.68618  4.42225  2.77519  2.73123  3.46354  2.40513  3.72494  3.29354  2.67741  2.69355  4.24690  2.90347  2.73739  3.18146  2.89801  2.37887  2.77519  2.98518  4.58477  3.61503
          0.01428  4.65218  5.37453  0.61958  0.77255  0.48576  0.95510
    123   2.18369  5.21978  2.69096  1.75641  4.54703  3.24276  3.58348  4.02077  2.46409  3.10648  4.26616  3.00195  3.07003  2.82330  2.57981  2.63850  2.90746  3.60102  5.66360  4.26309    467 e - - -
          2.68618  4.42225  2.77519  2.73123  3.46354  2.40513  3.72494  3.29354  2.67741  2.69355  4.24690  2.90347  2.73739  3.18146  2.89801  2.37887  2.77519  2.98518  4.58477  3.61503
          0.01428  4.65218  5.37453  0.61958  0.77255  0.48576  0.95510
    124   4.01360  5.27322  4.97731  4.65745  0.56765  4.76883  2.92153  3.86159  4.50005  3.25283  4.43968  4.44358  5.08805  4.50148  4.54960  3.52439  4.23434  3.72949  4.02509  2.09394    468 F - - -
          2.68618  4.42225  2.77519  2.73123  3.46354  2.40513  3.72494  3.29354  2.67741  2.69355  4.24690  2.90347  2.73739  3.18146  2.89801  2.37887  2.77519  2.98518  4.58477  3.61503
          0.01428  4.65218  5.37453  0.61958  0.77255  0.48576  0.95510
    125   3.29036  4.70688  5.31001  4.79969  3.64743  4.84735  5.41467  1.96145  4.69523  2.41841  3.35398  4.96580  5.13128  4.91778  4.85134  4.23304  3.69004  0.60068  5.84925  4.64803    469 V - - -
          2.68618  4.42225  2.77519  2.73123  3.46354  2.40513  3.72494  3.29354  2.67741  2.69355  4.24690  2.90347  2.73739  3.18146  2.89801  2.37887  2.77519  2.98518  4.58477  3.61503
          0.01428  4.65218  5.37453  0.61958  0.77255  0.48576  0.95510
    126   3.48304  4.79681  5.26546  4.67700  3.37047  4.74284  5.05895  2.04705  4.51716  0.70818  2.79245  4.83652  4.95135  4.57918  4.03854  4.08129  3.70255  2.29632  5.36188  4.30425    470 l - - -
          2.68618  4.42225  2.77519  2.73123  3.46354  2.40513  3.72494  3.29354  2.67741  2.69355  4.24690  2.90347  2.73739  3.18146  2.89801  2.37887  2.77519  2.98518  4.58477  3.61503
          0.01428  4.65218  5.37453  0.61958  0.77255  0.48576  0.95510
    127   2.57950  4.75931  3.29089  2.21014  3.95038  3.54974  3.84618  2.66160  2.35143  2.93788  3.84469  3.21933  4.01555  3.04745  2.21874  2.84555  2.98148  2.34934  4.69167  3.43376    471 e - - -
          2.68618  4.42225  2.77519  2.73123  3.46354  2.40513  3.72494  3.29354  2.67741  2.69355  4.24690  2.90347  2.73739  3.18146  2.89801  2.37887  2.77519  2.98518  4.58477  3.61503
          0.01428  4.65218  5.37453  0.61958  0.77255  0.48576  0.95510
    128   2.67219  4.61922  3.77274  3.51608  4.71058  2.88846  4.61721  3.69664  3.58178  3.82743  4.66040  3.70089  0.73416  3.88931  3.89187  2.47276  3.15565  3.60711  6.05393  4.82672    472 p - - -
          2.68618  4.42225  2.77519  2.73123  3.46354  2.40513  3.72494  3.29354  2.67741  2.69355  4.24690  2.90347  2.73739  3.18146  2.89801  2.37887  2.77519  2.98518  4.58477  3.61503
          0.01428  4.65218  5.37453  0.61958  0.77255  0.48576  0.95510
    129   2.50756  4.57085  4.69046  4.13170  3.26975  4.23557  4.51172  2.69664  3.92447  0.80121  3.32177  4.28372  4.58482  4.13915  4.05020  3.56642  3.38229  2.66950  3.36074  3.73624    473 l - - -
          2.68618  4.42225  2.77519  2.73123  3.46354  2.40513  3.72494  3.29354  2.67741  2.69355  4.24690  2.90347  2.73739  3.18146  2.89801  2.37887  2.77519  2.98518  4.58477  3.61503
          0.01428  4.65218  5.37453  0.61958  0.77255  0.48576  0.95510
    130   1.58966  3.10958  3.55880  2.53796  3.41424  3.70852  3.95753  2.73284  2.95379  2.54873  3.61575  3.32329  4.09033  2.96083  3.32464  2.84771  2.85151  2.79079  5.09095  3.84826    474 a - - -
          2.68618  4.42225  2.77519  2.73123  3.46354  2.40513  3.72494  3.29354  2.67741  2.69355  4.24690  2.90347  2.73739  3.18146  2.89801  2.37887  2.77519  2.98518  4.58477  3.61503
          0.03224  4.65218  3.80836  0.61958  0.77255  0.48576  0.95510
    131   2.69185  5.73151  1.36217  1.42494  5.03752  3.55090  3.98723  4.55615  2.90819  4.02324  4.81983  3.00185  4.10965  2.60234  3.47524  2.89855  3.39703  4.10783  6.16488  4.67645    475 d - - -
          2.68618  4.42225  2.77519  2.73123  3.46354  2.40513  3.72494  3.29354  2.67741  2.69355  4.24690  2.90347  2.73739  3.18146  2.89801  2.37887  2.77519  2.98518  4.58477  3.61503
          0.01453  4.63447  5.35682  0.61958  0.77255  0.52012  0.90251
    132   3.57476  4.77600  5.62507  5.14441  3.99733  5.16836  5.83577  0.83035  5.07382  2.09283  3.73778  5.31245  5.36817  5.28294  5.21767  4.59353  3.82924  1.28544  6.11797  4.93816    476 i - - -
          2.68618  4.42225  2.77519  2.73123  3.46354  2.40513  3.72494  3.29354  2.67741  2.69355  4.24690  2.90347  2.73739  3.18146  2.89801  2.37887  2.77519  2.98518  4.58477  3.61503
          0.01453  4.63447  5.35682  0.61958  0.77255  0.52012  0.90251
    133   1.75299  4.64608  2.12859  2.50316  4.27586  3.41579  3.76058  3.30189  2.41938  3.20218  4.08201  3.00874  3.94935  2.89619  3.01541  2.71263  2.71386  3.27911  5.50538  4.15362    477 a - - -
          2.68618  4.42225  2.77519  2.73123  3.46354  2.40513  3.72494  3.29354  2.67741  2.69355  4.24690  2.90347  2.73739  3.18146  2.89801  2.37887  2.77519  2.98518  4.58477  3.61503
          0.01453  4.63447  5.35682  0.61958  0.77255  0.52012  0.90251
    134   2.37489  4.95471  3.09185  2.50008  4.21983  3.59733  3.90095  3.63262  2.72597  3.25706  4.09569  3.18201  1.37405  2.92767  3.16042  2.83456  3.09134  3.32123  5.51538  3.56835    478 p - - -
          2.68618  4.42225  2.77519  2.73123  3.46354  2.40513  3.72494  3.29354  2.67741  2.69355  4.24690  2.90347  2.73739  3.18146  2.89801  2.37887  2.77519  2.98518  4.58477  3.61503
          0.01453  4.63447  5.35682  0.61958  0.77255  0.52012  0.90251
    135   2.96554  5.52263  1.58740  1.66490  4.84476  3.53700  3.26852  4.34724  2.70231  3.81823  4.58454  2.34456  4.02819  2.80917  3.23228  2.82300  2.86613  3.90381  5.95340  4.50270    479 d - - -
          2.68618  4.42225  2.77519  2.73123  3.46354  2.40513  3.72494  3.29354  2.67741  2.69355  4.24690  2.90347  2.73739  3.18146  2.89801  2.37887  2.77519  2.98518  4.58477  3.61503
          0.01453  4.63447  5.35682  0.61958  0.77255  0.52012  0.90251
    136   2.42455  4.18970  4.33426  3.74110  1.65527  3.86688  4.17617  2.58272  3.47982  2.04760  3.19389  3.89642  4.23447  3.36484  3.58783  3.04845  2.97711  2.32256  3.34457  3.61061    480 f - - -
          2.68618  4.42225  2.77519  2.73123  3.46354  2.40513  3.72494  3.29354  2.67741  2.69355  4.24690  2.90347  2.73739  3.18146  2.89801  2.37887  2.77519  2.98518  4.58477  3.61503
          0.01453  4.63447  5.35682  0.61958  0.77255  0.52012  0.90251
    137   2.60113  3.18624  3.97469  3.30117  3.40679  3.80313  4.08830  2.02310  3.21645  2.43584  3.40551  3.69049  4.17637  3.16433  2.95599  3.00472  2.16456  2.02273  4.89736  3.69337    481 v - - -
          2.68618  4.42225  2.77519  2.73123  3.46354  2.40513  3.72494  3.29354  2.67741  2.69355  4.24690  2.90347  2.73739  3.18146  2.89801  2.37887  2.77519  2.98518  4.58477  3.61503
          0.04573  4.63447  3.35267  0.61958  0.77255  0.52012  0.90251
    138   2.73891  4.86338  2.63630  2.58243  3.75459  3.58300  1.79665  3.29705  2.57416  2.48291  3.94053  3.06653  3.97354  2.90335  3.06659  2.79471  2.97032  3.18398  5.37062  3.82052    482 h - - -
          2.68618  4.42225  2.77519  2.73123  3.46354  2.40513  3.72494  3.29354  2.67741  2.69355  4.24690  2.90347  2.73739  3.18146  2.89801  2.37887  2.77519  2.98518  4.58477  3.61503
          0.01499  4.60373  5.32608  0.61958  0.77255  0.57577  0.82615
    139   2.82868  4.90395  3.11891  2.64215  4.48009  3.33914  4.10662  3.89199  2.95615  3.36651  4.35888  3.15902  1.03868  3.30061  3.36620  2.81322  2.77039  3.50817  5.76376  4.45851    483 p - - -
          2.68618  4.42225  2.77519  2.73123  3.46354  2.40513  3.72494  3.29354  2.67741  2.69355  4.24690  2.90347  2.73739  3.18146  2.89801  2.37887  2.77519  2.98518  4.58477  3.61503
          0.01499  4.60373  5.32608  0.61958  0.77255  0.57577  0.82615
    140   2.08350  4.44633  3.03072  2.68345  3.90655  3.13982  3.64716  2.86547  2.65790  2.47200  3.80696  3.14738  4.00135  2.98220  2.34698  2.83237  2.96152  2.50321  5.26144  3.97335    484 a - - -
          2.68618  4.42225  2.77519  2.73123  3.46354  2.40513  3.72494  3.29354  2.67741  2.69355  4.24690  2.90347  2.73739  3.18146  2.89801  2.37887  2.77519  2.98518  4.58477  3.61503
          0.01499  4.60373  5.32608  0.61958  0.77255  0.57577  0.82615
    141   2.53841  4.37299  3.74561  3.09862  2.77451  3.14661  3.68898  2.79228  3.04796  1.71907  3.41011  3.53952  4.12016  3.28306  3.25209  2.74118  2.33797  2.63956  4.96483  3.59668    485 l - - -
          2.68618  4.42225  2.77519  2.73123  3.46354  2.40513  3.72494  3.29354  2.67741  2.69355  4.24690  2.90347  2.73739  3.18146  2.89801  2.37887  2.77519  2.98518  4.58477  3.61503
          0.01499  4.60373  5.32608  0.61958  0.77255  0.57577  0.82615
    142   2.74613  5.23380  2.66685  2.31289  4.57133  2.36306  3.70406  3.94163  2.07624  3.53412  4.27800  2.92801  3.91060  2.71761  2.12545  2.50582  2.80902  3.62071  5.66916  4.26557    486 k - - -
          2.68618  4.42218  2.77520  2.73124  3.46352  2.40513  3.72492  3.29353  2.67741  2.69355  4.24684  2.90347  2.73740  3.18146  2.89801  2.37888  2.77520  2.98518  4.58469  3.61501
          0.19496  3.06118  2.03790  0.64946  0.73883  0.57577  0.82615
    143   2.75605  5.09374  3.18469  2.54309  4.39989  3.59520  3.72040  3.67373  1.79927  3.25250  4.15584  3.09869  3.79688  2.60883  1.78447  2.75668  3.03173  3.46603  3.37339  4.20676    489 r - - -
          2.68618  4.42225  2.77519  2.73123  3.46354  2.40513  3.72494  3.29354  2.67741  2.69355  4.24690  2.90347  2.73739  3.18146  2.89801  2.37887  2.77519  2.98518  4.58477  3.61503
          0.01716  4.46970  5.19204  0.61958  0.77255  0.49724  0.93702
    144   2.59234  5.06388  3.05312  2.43353  4.34635  3.52967  3.64245  3.67857  2.41131  3.34164  3.84871  3.02946  2.90667  2.79523  2.39718  1.91080  2.42246  3.42086  5.53695  4.17112    490 s - - -
          2.68618  4.42225  2.77519  2.73123  3.46354  2.40513  3.72494  3.29354  2.67741  2.69355  4.24690  2.90347  2.73739  3.18146  2.89801  2.37887  2.77519  2.98518  4.58477  3.61503
          0.01534  4.58082  5.30317  0.61958  0.77255  0.53090  0.88692
    145   3.42356  4.66746  5.41487  4.89017  3.81596  4.89032  5.41473  1.40707  4.78451  1.80303  3.26243  5.02220  5.13112  4.95719  4.88980  4.27067  3.48794  0.99110  5.77789  4.61694    491 v - - -
          2.68618  4.42225  2.77519  2.73123  3.46354  2.40513  3.72494  3.29354  2.67741  2.69355  4.24690  2.90347  2.73739  3.18146  2.89801  2.37887  2.77519  2.98518  4.58477  3.61503
          0.01491  4.60927  5.33162  0.61958  0.77255  0.56610  0.83872
    146   2.35416  5.16013  2.95922  2.40264  4.47236  2.49714  3.63389  3.73508  2.32020  3.25891  4.20993  3.00215  3.81823  2.45863  2.23102  2.52213  2.71595  3.44054  5.61275  4.22367    492 r - - -
          2.68618  4.42225  2.77519  2.73123  3.46354  2.40513  3.72494  3.29354  2.67741  2.69355  4.24690  2.90347  2.73739  3.18146  2.89801  2.37887  2.77519  2.98518  4.58477  3.61503
          0.01491  4.60927  5.33162  0.61958  0.77255  0.56610  0.83872
    147   2.71743  5.25765  2.22636  1.96545  4.59711  3.51027  3.59764  4.08099  2.42165  3.56009  4.30117  2.75450  3.91298  1.99857  2.73404  2.67511  2.76725  3.42093  5.69204  4.28120    493 e - - -
          2.68618  4.42225  2.77519  2.73123  3.46354  2.40513  3.72494  3.29354  2.67741  2.69355  4.24690  2.90347  2.73739  3.18146  2.89801  2.37887  2.77519  2.98518  4.58477  3.61503
          0.03289  4.60927  3.79906  0.61958  0.77255  0.56610  0.83872
    148   2.67206  4.04365  4.49447  3.89577  3.14063  3.73959  4.08351  2.41911  3.73132  1.09880  2.78162  4.00287  4.28679  3.90443  3.82691  3.23036  3.01727  2.41971  4.43773  3.62571    494 l - - -
          2.68618  4.42225  2.77519  2.73123  3.46354  2.40513  3.72494  3.29354  2.67741  2.69355  4.24690  2.90347  2.73739  3.18146  2.89801  2.37887  2.77519  2.98518  4.58477  3.61503
          0.01517  4.59156  5.31390  0.61958  0.77255  0.59654  0.80010
    149   2.49879  4.45152  3.60792  3.03893  3.58943  3.09201  3.95866  2.80914  2.77429  1.63531  3.55508  3.44382  4.08715  3.29042  2.56854  2.88684  2.90135  2.63404  5.03266  3.18689    495 l - - -
          2.68618  4.42225  2.77519  2.73123  3.46354  2.40513  3.72494  3.29354  2.67741  2.69355  4.24690  2.90347  2.73739  3.18146  2.89801  2.37887  2.77519  2.98518  4.58477  3.61503
          0.01517  4.59156  5.31390  0.61958  0.77255  0.59654  0.80010
    150   1.76746  5.17156  2.42165  2.34858  3.89637  3.51232  3.62507  3.95457  2.22415  3.46442  4.22034  2.99150  3.75348  2.72883  2.60251  2.62250  2.87324  3.54699  5.62126  4.22816    496 a - - -
          2.68618  4.42221  2.77520  2.73123  3.46353  2.40513  3.72493  3.29353  2.67741  2.69355  4.24686  2.90347  2.73740  3.18146  2.89801  2.37887  2.77520  2.98518  4.58472  3.61502
          0.10357  2.87485  3.17098  0.38657  1.13751  0.59654  0.80010
    151   2.28770  5.19874  2.92458  1.92310  4.52684  3.40513  2.95979  4.00055  2.36057  3.49594  4.24548  2.97219  3.89678  2.56150  2.77644  2.04511  2.92171  3.58056  5.64061  4.24033    498 e - - -
          2.68618  4.42225  2.77519  2.73123  3.46354  2.40513  3.72494  3.29354  2.67741  2.69355  4.24690  2.90347  2.73739  3.18146  2.89801  2.37887  2.77519  2.98518  4.58477  3.61503
          0.01576  4.55381  5.27616  0.61958  0.77255  0.65682  0.73084
    152   2.72341  3.16746  4.48357  3.88205  3.14858  3.87147  3.98348  2.11227  3.58166  1.45604  3.24460  3.76690  4.23632  3.87942  3.68289  3.17427  2.95584  1.94431  4.75414  3.57262    499 l - - -
          2.68619  4.42215  2.77520  2.73124  3.46352  2.40514  3.72491  3.29353  2.67741  2.69356  4.24682  2.90347  2.73740  3.18146  2.89801  2.37888  2.77520  2.98518  4.58465  3.61500
          0.20054  3.01126  2.02128  0.83799  0.56665  0.65682  0.73084
    153   2.24161  4.93750  2.52254  2.50738  4.10695  2.84787  3.75172  3.77933  2.54209  3.34476  4.13156  3.02283  2.23473  2.88488  3.01721  2.34268  2.73676  3.39255  5.54664  4.18799    503 p - - -
          2.68618  4.42225  2.77519  2.73123  3.46354  2.40513  3.72494  3.29354  2.67741  2.69355  4.24690  2.90347  2.73739  3.18146  2.89801  2.37887  2.77519  2.98518  4.58477  3.61503
          0.01808  4.41757  5.13991  0.61958  0.77255  0.78005  0.61320
    154   2.15091  4.42729  2.91598  2.28549  3.92649  3.40335  3.58434  3.59837  2.46401  2.93069  3.99021  2.95211  3.71694  2.84167  2.60286  2.70050  2.16411  3.26209  5.41685  4.07147    504 a - - -
          2.68618  4.42225  2.77519  2.73123  3.46354  2.40513  3.72494  3.29354  2.67741  2.69355  4.24690  2.90347  2.73739  3.18146  2.89801  2.37887  2.77519  2.98518  4.58477  3.61503
          0.02816  4.43896  4.13771  0.61958  0.77255  0.78269  0.61096
    155   2.57495  4.73274  2.31365  2.30503  4.47673  3.34773  3.55406  3.94918  2.20185  3.44691  4.19646  2.85522  3.85733  2.61298  2.53051  2.65687  2.16600  3.53097  5.59339  4.19469    505 t - - -
          2.68618  4.42225  2.77519  2.73123  3.46354  2.40513  3.72494  3.29354  2.67741  2.69355  4.24690  2.90347  2.73739  3.18146  2.89801  2.37887  2.77519  2.98518  4.58477  3.61503
          0.01769  4.43915  5.16150  0.61958  0.77255  0.80936  0.58905
    156   2.60007  4.45952  3.45282  2.77524  2.39402  2.18593  3.88953  2.98882  2.74221  2.69319  3.57739  3.33163  3.81057  3.18739  3.24873  2.63562  2.91347  2.37448  5.04959  3.80381    506 g - - -
          2.68618  4.42225  2.77519  2.73123  3.46354  2.40513  3.72494  3.29354  2.67741  2.69355  4.24690  2.90347  2.73739  3.18146  2.89801  2.37887  2.77519  2.98518  4.58477  3.61503
          0.03096  4.43915  3.98048  0.61958  0.77255  0.80936  0.58905
    157   2.83602  4.29014  4.29934  3.72025  2.75862  3.96856  4.28202  2.23355  3.60711  2.05337  3.18261  3.94439  2.03507  3.82445  3.79507  3.26265  3.06978  1.71574  4.93514  3.74663    507 v - - -
          2.68618  4.42225  2.77519  2.73123  3.46354  2.40513  3.72494  3.29354  2.67741  2.69355  4.24690  2.90347  2.73739  3.18146  2.89801  2.37887  2.77519  2.98518  4.58477  3.61503
          0.01793  4.42613  5.14847  0.61958  0.77255  0.82432  0.57721
    158   2.56223  4.46894  3.09213  2.15647  4.07956  3.51139  3.71712  3.00346  2.52328  3.10353  3.92156  3.00418  2.55036  2.82345  2.60837  2.35573  2.84764  3.12565  4.66029  4.02757    508 e - - -
          2.68618  4.42225  2.77519  2.73123  3.46354  2.40513  3.72494  3.29354  2.67741  2.69355  4.24690  2.90347  2.73739  3.18146  2.89801  2.37887  2.77519  2.98518  4.58477  3.61503
          0.01793  4.42613  5.14847  0.61958  0.77255  0.82432  0.57721
    159   2.67160  4.23087  3.35526  2.79165  3.69983  3.59537  3.73012  2.52348  2.63002  2.45035  3.63294  3.24812  3.39841  3.08522  2.59900  2.11468  2.62824  2.71677  5.09881  3.83692    509 s - - -
          2.68618  4.42225  2.77519  2.73123  3.46354  2.40513  3.72494  3.29354  2.67741  2.69355  4.24690  2.90347  2.73739  3.18146  2.89801  2.37887  2.77519  2.98518  4.58477  3.61503
          0.01793  4.42613  5.14847  0.61958  0.77255  0.82432  0.57721
    160   2.30076  4.09131  4.40003  3.80032  2.56118  3.81857  4.13686  2.32285  3.63449  1.65027  3.19563  3.89789  4.18310  3.80936  3.46386  3.03478  2.90864  2.06210  3.59031  3.52118    510 l - - -
          2.68618  4.42225  2.77519  2.73123  3.46354  2.40513  3.72494  3.29354  2.67741  2.69355  4.24690  2.90347  2.73739  3.18146  2.89801  2.37887  2.77519  2.98518  4.58477  3.61503
          0.11806  4.42613  2.30859  0.61958  0.77255  0.82432  0.57721
    161   2.48514  4.42910  3.41778  2.79172  3.07598  3.59185  3.71299  2.85871  2.64757  2.30206  3.52878  3.28498  3.97337  3.12776  2.88416  2.09302  2.87197  2.41924  5.00134  3.75428    511 s - - -
          2.68618  4.42225  2.77519  2.73123  3.46354  2.40513  3.72494  3.29354  2.67741  2.69355  4.24690  2.90347  2.73739  3.18146  2.89801  2.37887  2.77519  2.98518  4.58477  3.61503
          0.03172  4.32786  4.01610  0.61958  0.77255  0.92504  0.50503
    162   2.68583  4.92929  2.81834  2.21903  4.18437  3.46409  3.69505  3.60642  2.43347  3.10997  4.00613  2.98421  2.07309  2.72222  2.95389  2.66145  2.92091  2.69068  5.42657  4.07970    512 p - - -
          2.68618  4.42225  2.77519  2.73123  3.46354  2.40513  3.72494  3.29354  2.67741  2.69355  4.24690  2.90347  2.73739  3.18146  2.89801  2.37887  2.77519  2.98518  4.58477  3.61503
          0.02003  4.31618  5.03852  0.61958  0.77255  0.93576  0.49805
    163   2.64449  4.58063  3.25324  2.69408  3.76592  2.75983  3.77141  2.23394  2.55542  2.71191  3.67949  3.06102  3.79665  2.99758  2.67199  2.51284  2.59854  2.88353  5.13641  3.86166    513 i - - -
          2.68618  4.42225  2.77519  2.73123  3.46354  2.40513  3.72494  3.29354  2.67741  2.69355  4.24690  2.90347  2.73739  3.18146  2.89801  2.37887  2.77519  2.98518  4.58477  3.61503
          0.02964  4.31618  4.14445  0.61958  0.77255  0.93576  0.49805
    164   2.34379  4.21412  3.77402  3.03926  2.97167  2.87466  3.95320  1.98554  3.12559  2.31652  3.32695  3.40079  3.79655  3.39402  3.40520  2.86847  2.86223  2.26198  4.81772  3.60768    514 i - - -
          2.68618  4.42225  2.77519  2.73123  3.46354  2.40513  3.72494  3.29354  2.67741  2.69355  4.24690  2.90347  2.73739  3.18146  2.89801  2.37887  2.77519  2.98518  4.58477  3.61503
          0.04365  4.30676  3.53242  0.61958  0.77255  0.94423  0.49263
    165   2.64689  4.56508  2.35295  2.35440  4.25804  3.24180  3.65052  3.69792  2.24430  3.25755  4.04357  2.94270  2.48485  2.77735  2.90223  2.58641  2.88196  2.86079  5.45827  4.09228    515 k - - -
          2.68618  4.42225  2.77519  2.73123  3.46354  2.40513  3.72494  3.29354  2.67741  2.69355  4.24690  2.90347  2.73739  3.18146  2.89801  2.37887  2.77519  2.98518  4.58477  3.61503
          0.02070  4.28381  5.00616  0.61958  0.77255  0.96425  0.48009
    166   2.65426  4.19956  3.90135  3.21871  3.29176  3.71127  4.00903  2.60045  3.21667  1.64650  3.29467  3.61440  4.08998  3.48843  3.46101  2.41874  2.89081  1.96270  4.39441  3.59364    516 l - - -
          2.68618  4.42225  2.77519  2.73123  3.46354  2.40513  3.72494  3.29354  2.67741  2.69355  4.24690  2.90347  2.73739  3.18146  2.89801  2.37887  2.77519  2.98518  4.58477  3.61503
          0.02070  4.28381  5.00616  0.61958  0.77255  0.96425  0.48009
    167   2.39432  5.10557  2.74727  2.18477  4.41972  3.27647  2.41537  3.88491  2.11503  3.26825  4.15791  2.67001  3.67985  2.74293  2.86827  2.64193  2.90164  3.48021  5.55466  4.16131    517 k - - -
          2.68618  4.42225  2.77519  2.73123  3.46354  2.40513  3.72494  3.29354  2.67741  2.69355  4.24690  2.90347  2.73739  3.18146  2.89801  2.37887  2.77519  2.98518  4.58477  3.61503
          0.02070  4.28381  5.00616  0.61958  0.77255  0.96425  0.48009
    168   2.59998  4.83893  2.65851  2.39947  4.10817  3.28703  3.70722  3.52154  2.52469  2.53649  3.94917  3.00293  3.86835  2.86390  2.98850  1.89174  2.54179  3.19475  5.37900  4.04412    518 s - - -
          2.68618  4.42225  2.77519  2.73123  3.46354  2.40513  3.72494  3.29354  2.67741  2.69355  4.24690  2.90347  2.73739  3.18146  2.89801  2.37887  2.77519  2.98518  4.58477  3.61503
          0.03354  4.28381  3.95333  0.61958  0.77255  0.96425  0.48009
    169   2.18919  4.79568  3.09064  2.53799  3.68480  3.48262  2.39744  3.45200  2.47120  3.06534  3.89162  3.04204  3.67138  2.85875  2.30130  2.62750  2.89009  3.14022  5.30861  3.98816    519 a - - -
          2.68618  4.42225  2.77519  2.73123  3.46354  2.40513  3.72494  3.29354  2.67741  2.69355  4.24690  2.90347  2.73739  3.18146  2.89801  2.37887  2.77519  2.98518  4.58477  3.61503
          0.04689  4.27124  3.44700  0.61958  0.77255  0.97486  0.47360
    170   2.65141  4.70505  3.12770  2.58496  3.64482  3.49960  3.22362  3.31190  2.54023  2.50735  3.79576  3.07846  3.89505  2.46359  2.96371  1.88524  2.88478  3.02629  5.19270  3.86561    520 s - - -
          2.68618  4.42225  2.77519  2.73123  3.46354  2.40513  3.72494  3.29354  2.67741  2.69355  4.24690  2.90347  2.73739  3.18146  2.89801  2.37887  2.77519  2.98518  4.58477  3.61503
          0.02151  4.24586  4.96821  0.61958  0.77255  0.99555  0.46127
    171   2.59422  4.60224  3.15729  2.57181  3.92685  2.50206  3.79818  2.63513  2.66792  2.97450  3.82200  3.12348  3.12239  3.00310  3.09273  1.92861  2.87009  3.01010  5.26878  3.98005    521 s - - -
          2.68618  4.42225  2.77519  2.73123  3.46354  2.40513  3.72494  3.29354  2.67741  2.69355  4.24690  2.90347  2.73739  3.18146  2.89801  2.37887  2.77519  2.98518  4.58477  3.61503
          0.02151  4.24586  4.96821  0.61958  0.77255  0.99555  0.46127
    172   2.63616  4.39872  3.47029  2.92348  3.38558  3.58258  3.88725  2.37672  2.87728  2.60604  3.52578  2.86942  2.07894  3.19526  3.24061  2.84498  2.88475  2.39825  5.01470  3.76169    522 p - - -
          2.68618  4.42225  2.77519  2.73123  3.46354  2.40513  3.72494  3.29354  2.67741  2.69355  4.24690  2.90347  2.73739  3.18146  2.89801  2.37887  2.77519  2.98518  4.58477  3.61503
          0.02151  4.24586  4.96821  0.61958  0.77255  0.96807  0.47774
    173   2.61578  3.03074  3.84231  3.12342  3.31291  3.66058  3.97690  2.62804  3.16999  1.80384  3.30715  3.56273  4.04933  3.44062  3.27535  2.40673  2.85652  2.13678  4.80480  3.59968    523 l - - -
          2.68584  4.42285  2.77534  2.73147  3.46402  2.40547  3.72502  3.29293  2.67791  2.69268  4.24661  2.90384  2.73701  3.18149  2.89714  2.37855  2.77580  2.98546  4.58537  3.61563
          0.87567  0.64519  2.83267  1.69479  0.20290  0.94628  0.49132
    174   2.59953  5.08098  2.43997  2.28894  4.39331  3.23707  2.84025  3.85327  2.44748  3.38417  4.16174  2.88822  3.06336  2.77990  2.94082  1.95202  2.92429  3.46071  5.56126  4.16891    530 s - - -
          2.68113  4.39469  2.77762  2.73097  3.46203  2.40957  3.72216  3.28561  2.68380  2.69403  4.22543  2.91158  2.73595  3.18615  2.89502  2.38358  2.77983  2.97878  4.55163  3.61354
          0.82711  0.58774  4.94665  4.96735  0.00699  0.59289  0.80459
    175   2.68039  4.79175  2.66386  2.41980  4.00640  3.53198  3.21453  2.17374  2.48416  2.86099  3.86966  3.02051  3.92055  2.91363  2.71598  2.74109  2.79454  2.82873  5.31112  3.77178    808 i - - -
          2.68618  4.42225  2.77519  2.73123  3.46354  2.40513  3.72494  3.29354  2.67741  2.69355  4.24690  2.90347  2.73739  3.18146  2.89801  2.37887  2.77519  2.98518  4.58477  3.61503
          0.01759  4.44505  5.16740  0.61958  0.77255  0.73152  0.65619
    176   2.47281  5.14402  2.97646  2.34862  4.46569  2.50405  3.11158  3.93038  2.25902  3.34174  4.19261  2.74191  3.72452  2.64106  2.16405  2.64479  2.93462  3.40050  5.58805  4.19927    809 r - - -
          2.68618  4.42225  2.77519  2.73123  3.46354  2.40513  3.72494  3.29354  2.67741  2.69355  4.24690  2.90347  2.73739  3.18146  2.89801  2.37887  2.77519  2.98518  4.58477  3.61503
          0.01711  4.47260  5.19495  0.61958  0.77255  0.69221  0.69408
    177   2.64275  5.16791  2.21216  2.13905  4.25203  2.88263  3.66876  3.96916  2.34130  3.21076  4.21354  2.90217  3.25678  2.77125  2.46929  2.55584  2.86419  3.31933  5.61130  4.21102    810 e - - -
          2.68618  4.42225  2.77519  2.73123  3.46354  2.40513  3.72494  3.29354  2.67741  2.69355  4.24690  2.90347  2.73739  3.18146  2.89801  2.37887  2.77519  2.98518  4.58477  3.61503
          0.01661  4.50166  5.22401  0.61958  0.77255  0.52642  0.89335
    178   2.13262  5.19404  2.55672  2.13454  4.52276  3.34993  3.39671  3.99730  2.10900  3.37331  4.23909  2.83846  3.65557  2.57465  2.88665  2.69308  2.89465  3.57588  3.59354  4.04966    811 k - - -
          2.68618  4.42225  2.77519  2.73123  3.46354  2.40513  3.72494  3.29354  2.67741  2.69355  4.24690  2.90347  2.73739  3.18146  2.89801  2.37887  2.77519  2.98518  4.58477  3.61503
          0.01535  4.58015  5.30249  0.61958  0.77255  0.56909  0.83480
    179   2.61437  5.19795  2.89397  1.90677  4.52604  2.83641  3.59640  4.00013  2.19745  3.49585  4.24323  2.77042  3.78297  2.58018  2.83686  2.46335  2.82001  3.46791  3.31648  4.24037    812 e - - -
          2.68618  4.42225  2.77519  2.73123  3.46354  2.40513  3.72494  3.29354  2.67741  2.69355  4.24690  2.90347  2.73739  3.18146  2.89801  2.37887  2.77519  2.98518  4.58477  3.61503
          0.01020  4.59084        *  0.61958  0.77255  0.00000        *
//
